# This file was produced by samtools stats (1.9+htslib-1.9) and can be plotted using plot-bamstats
# This file contains statistics for all reads.
# The command line was:  stats -@ 4 assemblatron/contigs.sam
# CHK, Checksum	[2]Read Names	[3]Sequences	[4]Qualities
# CHK, CRC32 of reads which passed filtering followed by addition (32bit overflow)
CHK	e68157bf	80875308	b3a905e5
# Summary Numbers. Use `grep ^SN | cut -f 2-` to extract this part.
SN	raw total sequences:	1991584
SN	filtered sequences:	0
SN	sequences:	1991584
SN	is sorted:	0
SN	1st fragments:	995792
SN	last fragments:	995792
SN	reads mapped:	1966270
SN	reads mapped and paired:	1953254	# paired-end technology bit set + both mates mapped
SN	reads unmapped:	25314
SN	reads properly paired:	1943724	# proper-pair bit set
SN	reads paired:	1991584	# paired-end technology bit set
SN	reads duplicated:	0	# PCR or optical duplicate bit set
SN	reads MQ0:	189	# mapped and MQ=0
SN	reads QC failed:	0
SN	non-primary alignments:	0
SN	total length:	275502202	# ignores clipping
SN	total first fragment length:	137752554	# ignores clipping
SN	total last fragment length:	137749648	# ignores clipping
SN	bases mapped:	273179268	# ignores clipping
SN	bases mapped (cigar):	272143607	# more accurate
SN	bases trimmed:	0
SN	bases duplicated:	0
SN	mismatches:	1111534	# from NM fields
SN	error rate:	4.084365e-03	# mismatches / bases mapped (cigar)
SN	average length:	138
SN	average first fragment length:	138
SN	average last fragment length:	138
SN	maximum length:	151
SN	maximum first fragment length:	151
SN	maximum last fragment length:	151
SN	average quality:	38.1
SN	insert size average:	270.7
SN	insert size standard deviation:	139.4
SN	inward oriented pairs:	862839
SN	outward oriented pairs:	112211
SN	pairs with other orientation:	20
SN	pairs on different chromosomes:	1653
SN	percentage of properly paired reads (%):	97.6
# First Fragment Qualities. Use `grep ^FFQ | cut -f 2-` to extract this part.
# Columns correspond to qualities and rows to cycles. First column is the cycle number.
FFQ	1	41	0	0	0	0	0	0	0	0	0	0	0	5404	0	0	0	0	0	0	0	0	0	0	0	45562	0	0	0	0	0	0	0	0	0	0	0	0	0	0	0	944785	0
FFQ	2	79	0	0	0	0	0	0	0	0	0	0	0	17538	0	0	0	0	0	0	0	0	0	0	0	86628	0	0	0	0	0	0	0	0	0	0	0	0	0	0	0	891547	0
FFQ	3	0	0	0	0	0	0	0	0	0	0	0	0	14113	0	0	0	0	0	0	0	0	0	0	0	71582	0	0	0	0	0	0	0	0	0	0	0	0	0	0	0	910097	0
FFQ	4	4	0	0	0	0	0	0	0	0	0	0	0	16883	0	0	0	0	0	0	0	0	0	0	0	72904	0	0	0	0	0	0	0	0	0	0	0	0	0	0	0	906001	0
FFQ	5	0	0	0	0	0	0	0	0	0	0	0	0	18638	0	0	0	0	0	0	0	0	0	0	0	71375	0	0	0	0	0	0	0	0	0	0	0	0	0	0	0	905779	0
FFQ	6	1	0	0	0	0	0	0	0	0	0	0	0	17606	0	0	0	0	0	0	0	0	0	0	0	63511	0	0	0	0	0	0	0	0	0	0	0	0	0	0	0	914674	0
FFQ	7	2	0	0	0	0	0	0	0	0	0	0	0	14406	0	0	0	0	0	0	0	0	0	0	0	57039	0	0	0	0	0	0	0	0	0	0	0	0	0	0	0	924345	0
FFQ	8	0	0	0	0	0	0	0	0	0	0	0	0	13957	0	0	0	0	0	0	0	0	0	0	0	54203	0	0	0	0	0	0	0	0	0	0	0	0	0	0	0	927632	0
FFQ	9	0	0	0	0	0	0	0	0	0	0	0	0	14505	0	0	0	0	0	0	0	0	0	0	0	60560	0	0	0	0	0	0	0	0	0	0	0	0	0	0	0	920727	0
FFQ	10	0	0	0	0	0	0	0	0	0	0	0	0	14517	0	0	0	0	0	0	0	0	0	0	0	58794	0	0	0	0	0	0	0	0	0	0	0	0	0	0	0	922481	0
FFQ	11	0	0	0	0	0	0	0	0	0	0	0	0	12362	0	0	0	0	0	0	0	0	0	0	0	47117	0	0	0	0	0	0	0	0	0	0	0	0	0	0	0	936313	0
FFQ	12	0	0	0	0	0	0	0	0	0	0	0	0	16885	0	0	0	0	0	0	0	0	0	0	0	61929	0	0	0	0	0	0	0	0	0	0	0	0	0	0	0	916978	0
FFQ	13	0	0	0	0	0	0	0	0	0	0	0	0	12806	0	0	0	0	0	0	0	0	0	0	0	51202	0	0	0	0	0	0	0	0	0	0	0	0	0	0	0	931784	0
FFQ	14	0	0	0	0	0	0	0	0	0	0	0	0	15056	0	0	0	0	0	0	0	0	0	0	0	59036	0	0	0	0	0	0	0	0	0	0	0	0	0	0	0	921700	0
FFQ	15	1	0	0	0	0	0	0	0	0	0	0	0	13621	0	0	0	0	0	0	0	0	0	0	0	54437	0	0	0	0	0	0	0	0	0	0	0	0	0	0	0	927733	0
FFQ	16	0	0	0	0	0	0	0	0	0	0	0	0	12085	0	0	0	0	0	0	0	0	0	0	0	50893	0	0	0	0	0	0	0	0	0	0	0	0	0	0	0	932814	0
FFQ	17	0	0	0	0	0	0	0	0	0	0	0	0	12568	0	0	0	0	0	0	0	0	0	0	0	52033	0	0	0	0	0	0	0	0	0	0	0	0	0	0	0	931191	0
FFQ	18	0	0	0	0	0	0	0	0	0	0	0	0	11791	0	0	0	0	0	0	0	0	0	0	0	49030	0	0	0	0	0	0	0	0	0	0	0	0	0	0	0	934971	0
FFQ	19	0	0	0	0	0	0	0	0	0	0	0	0	11757	0	0	0	0	0	0	0	0	0	0	0	49480	0	0	0	0	0	0	0	0	0	0	0	0	0	0	0	934555	0
FFQ	20	0	0	0	0	0	0	0	0	0	0	0	0	12333	0	0	0	0	0	0	0	0	0	0	0	51765	0	0	0	0	0	0	0	0	0	0	0	0	0	0	0	931694	0
FFQ	21	0	0	0	0	0	0	0	0	0	0	0	0	11746	0	0	0	0	0	0	0	0	0	0	0	49278	0	0	0	0	0	0	0	0	0	0	0	0	0	0	0	934768	0
FFQ	22	0	0	0	0	0	0	0	0	0	0	0	0	12782	0	0	0	0	0	0	0	0	0	0	0	52173	0	0	0	0	0	0	0	0	0	0	0	0	0	0	0	930837	0
FFQ	23	0	0	0	0	0	0	0	0	0	0	0	0	12709	0	0	0	0	0	0	0	0	0	0	0	52270	0	0	0	0	0	0	0	0	0	0	0	0	0	0	0	930813	0
FFQ	24	0	0	0	0	0	0	0	0	0	0	0	0	12902	0	0	0	0	0	0	0	0	0	0	0	52264	0	0	0	0	0	0	0	0	0	0	0	0	0	0	0	930626	0
FFQ	25	0	0	0	0	0	0	0	0	0	0	0	0	12517	0	0	0	0	0	0	0	0	0	0	0	51637	0	0	0	0	0	0	0	0	0	0	0	0	0	0	0	931638	0
FFQ	26	0	0	0	0	0	0	0	0	0	0	0	0	14945	0	0	0	0	0	0	0	0	0	0	0	48678	0	0	0	0	0	0	0	0	0	0	0	0	0	0	0	932169	0
FFQ	27	0	0	0	0	0	0	0	0	0	0	0	0	15184	0	0	0	0	0	0	0	0	0	0	0	48742	0	0	0	0	0	0	0	0	0	0	0	0	0	0	0	931866	0
FFQ	28	0	0	0	0	0	0	0	0	0	0	0	0	14903	0	0	0	0	0	0	0	0	0	0	0	48509	0	0	0	0	0	0	0	0	0	0	0	0	0	0	0	932380	0
FFQ	29	0	0	0	0	0	0	0	0	0	0	0	0	14921	0	0	0	0	0	0	0	0	0	0	0	48435	0	0	0	0	0	0	0	0	0	0	0	0	0	0	0	932436	0
FFQ	30	0	0	0	0	0	0	0	0	0	0	0	0	15403	0	0	0	0	0	0	0	0	0	0	0	48766	0	0	0	0	0	0	0	0	0	0	0	0	0	0	0	931623	0
FFQ	31	0	0	0	0	0	0	0	0	0	0	0	0	15636	0	0	0	0	0	0	0	0	0	0	0	49041	0	0	0	0	0	0	0	0	0	0	0	0	0	0	0	930798	0
FFQ	32	0	0	0	0	0	0	0	0	0	0	0	0	17471	0	0	0	0	0	0	0	0	0	0	0	51686	0	0	0	0	0	0	0	0	0	0	0	0	0	0	0	925915	0
FFQ	33	29	0	0	0	0	0	0	0	0	0	0	0	14769	0	0	0	0	0	0	0	0	0	0	0	47389	0	0	0	0	0	0	0	0	0	0	0	0	0	0	0	932227	0
FFQ	34	0	0	0	0	0	0	0	0	0	0	0	0	16215	0	0	0	0	0	0	0	0	0	0	0	49499	0	0	0	0	0	0	0	0	0	0	0	0	0	0	0	927736	0
FFQ	35	0	0	0	0	0	0	0	0	0	0	0	0	15124	0	0	0	0	0	0	0	0	0	0	0	49129	0	0	0	0	0	0	0	0	0	0	0	0	0	0	0	928114	0
FFQ	36	54	0	0	0	0	0	0	0	0	0	0	0	20687	0	0	0	0	0	0	0	0	0	0	0	56958	0	0	0	0	0	0	0	0	0	0	0	0	0	0	0	913554	0
FFQ	37	0	0	0	0	0	0	0	0	0	0	0	0	15656	0	0	0	0	0	0	0	0	0	0	0	49976	0	0	0	0	0	0	0	0	0	0	0	0	0	0	0	924823	0
FFQ	38	0	0	0	0	0	0	0	0	0	0	0	0	15333	0	0	0	0	0	0	0	0	0	0	0	49321	0	0	0	0	0	0	0	0	0	0	0	0	0	0	0	925301	0
FFQ	39	0	0	0	0	0	0	0	0	0	0	0	0	15294	0	0	0	0	0	0	0	0	0	0	0	49327	0	0	0	0	0	0	0	0	0	0	0	0	0	0	0	924892	0
FFQ	40	0	0	0	0	0	0	0	0	0	0	0	0	16039	0	0	0	0	0	0	0	0	0	0	0	50209	0	0	0	0	0	0	0	0	0	0	0	0	0	0	0	922606	0
FFQ	41	0	0	0	0	0	0	0	0	0	0	0	0	15901	0	0	0	0	0	0	0	0	0	0	0	49530	0	0	0	0	0	0	0	0	0	0	0	0	0	0	0	922460	0
FFQ	42	0	0	0	0	0	0	0	0	0	0	0	0	16007	0	0	0	0	0	0	0	0	0	0	0	49862	0	0	0	0	0	0	0	0	0	0	0	0	0	0	0	920808	0
FFQ	43	0	0	0	0	0	0	0	0	0	0	0	0	15407	0	0	0	0	0	0	0	0	0	0	0	49036	0	0	0	0	0	0	0	0	0	0	0	0	0	0	0	920673	0
FFQ	44	0	0	0	0	0	0	0	0	0	0	0	0	16212	0	0	0	0	0	0	0	0	0	0	0	50160	0	0	0	0	0	0	0	0	0	0	0	0	0	0	0	916847	0
FFQ	45	0	0	0	0	0	0	0	0	0	0	0	0	15725	0	0	0	0	0	0	0	0	0	0	0	49566	0	0	0	0	0	0	0	0	0	0	0	0	0	0	0	915762	0
FFQ	46	0	0	0	0	0	0	0	0	0	0	0	0	15578	0	0	0	0	0	0	0	0	0	0	0	49735	0	0	0	0	0	0	0	0	0	0	0	0	0	0	0	913864	0
FFQ	47	0	0	0	0	0	0	0	0	0	0	0	0	16872	0	0	0	0	0	0	0	0	0	0	0	51473	0	0	0	0	0	0	0	0	0	0	0	0	0	0	0	909557	0
FFQ	48	0	0	0	0	0	0	0	0	0	0	0	0	16814	0	0	0	0	0	0	0	0	0	0	0	50892	0	0	0	0	0	0	0	0	0	0	0	0	0	0	0	909374	0
FFQ	49	0	0	0	0	0	0	0	0	0	0	0	0	18368	0	0	0	0	0	0	0	0	0	0	0	51517	0	0	0	0	0	0	0	0	0	0	0	0	0	0	0	906496	0
FFQ	50	0	0	0	0	0	0	0	0	0	0	0	0	16066	0	0	0	0	0	0	0	0	0	0	0	49565	0	0	0	0	0	0	0	0	0	0	0	0	0	0	0	909896	0
FFQ	51	0	0	0	0	0	0	0	0	0	0	0	0	16451	0	0	0	0	0	0	0	0	0	0	0	51011	0	0	0	0	0	0	0	0	0	0	0	0	0	0	0	906758	0
FFQ	52	0	0	0	0	0	0	0	0	0	0	0	0	15984	0	0	0	0	0	0	0	0	0	0	0	49712	0	0	0	0	0	0	0	0	0	0	0	0	0	0	0	906999	0
FFQ	53	0	0	0	0	0	0	0	0	0	0	0	0	15655	0	0	0	0	0	0	0	0	0	0	0	48500	0	0	0	0	0	0	0	0	0	0	0	0	0	0	0	906594	0
FFQ	54	0	0	0	0	0	0	0	0	0	0	0	0	15762	0	0	0	0	0	0	0	0	0	0	0	48877	0	0	0	0	0	0	0	0	0	0	0	0	0	0	0	903948	0
FFQ	55	0	0	0	0	0	0	0	0	0	0	0	0	16113	0	0	0	0	0	0	0	0	0	0	0	50316	0	0	0	0	0	0	0	0	0	0	0	0	0	0	0	899822	0
FFQ	56	0	0	0	0	0	0	0	0	0	0	0	0	15480	0	0	0	0	0	0	0	0	0	0	0	49050	0	0	0	0	0	0	0	0	0	0	0	0	0	0	0	899661	0
FFQ	57	0	0	0	0	0	0	0	0	0	0	0	0	15185	0	0	0	0	0	0	0	0	0	0	0	48063	0	0	0	0	0	0	0	0	0	0	0	0	0	0	0	899429	0
FFQ	58	0	0	0	0	0	0	0	0	0	0	0	0	15282	0	0	0	0	0	0	0	0	0	0	0	48571	0	0	0	0	0	0	0	0	0	0	0	0	0	0	0	897744	0
FFQ	59	0	0	0	0	0	0	0	0	0	0	0	0	15405	0	0	0	0	0	0	0	0	0	0	0	48864	0	0	0	0	0	0	0	0	0	0	0	0	0	0	0	896502	0
FFQ	60	0	0	0	0	0	0	0	0	0	0	0	0	15684	0	0	0	0	0	0	0	0	0	0	0	49446	0	0	0	0	0	0	0	0	0	0	0	0	0	0	0	894726	0
FFQ	61	0	0	0	0	0	0	0	0	0	0	0	0	15733	0	0	0	0	0	0	0	0	0	0	0	48779	0	0	0	0	0	0	0	0	0	0	0	0	0	0	0	893997	0
FFQ	62	0	0	0	0	0	0	0	0	0	0	0	0	16026	0	0	0	0	0	0	0	0	0	0	0	49426	0	0	0	0	0	0	0	0	0	0	0	0	0	0	0	891367	0
FFQ	63	31	0	0	0	0	0	0	0	0	0	0	0	16340	0	0	0	0	0	0	0	0	0	0	0	50248	0	0	0	0	0	0	0	0	0	0	0	0	0	0	0	888078	0
FFQ	64	0	0	0	0	0	0	0	0	0	0	0	0	15910	0	0	0	0	0	0	0	0	0	0	0	49681	0	0	0	0	0	0	0	0	0	0	0	0	0	0	0	886719	0
FFQ	65	0	0	0	0	0	0	0	0	0	0	0	0	16129	0	0	0	0	0	0	0	0	0	0	0	49678	0	0	0	0	0	0	0	0	0	0	0	0	0	0	0	884065	0
FFQ	66	0	0	0	0	0	0	0	0	0	0	0	0	15989	0	0	0	0	0	0	0	0	0	0	0	49640	0	0	0	0	0	0	0	0	0	0	0	0	0	0	0	882030	0
FFQ	67	0	0	0	0	0	0	0	0	0	0	0	0	16175	0	0	0	0	0	0	0	0	0	0	0	49741	0	0	0	0	0	0	0	0	0	0	0	0	0	0	0	879880	0
FFQ	68	0	0	0	0	0	0	0	0	0	0	0	0	16071	0	0	0	0	0	0	0	0	0	0	0	50245	0	0	0	0	0	0	0	0	0	0	0	0	0	0	0	878144	0
FFQ	69	0	0	0	0	0	0	0	0	0	0	0	0	16796	0	0	0	0	0	0	0	0	0	0	0	50037	0	0	0	0	0	0	0	0	0	0	0	0	0	0	0	876622	0
FFQ	70	0	0	0	0	0	0	0	0	0	0	0	0	16325	0	0	0	0	0	0	0	0	0	0	0	49489	0	0	0	0	0	0	0	0	0	0	0	0	0	0	0	876555	0
FFQ	71	0	0	0	0	0	0	0	0	0	0	0	0	16158	0	0	0	0	0	0	0	0	0	0	0	49141	0	0	0	0	0	0	0	0	0	0	0	0	0	0	0	875613	0
FFQ	72	0	0	0	0	0	0	0	0	0	0	0	0	16605	0	0	0	0	0	0	0	0	0	0	0	50218	0	0	0	0	0	0	0	0	0	0	0	0	0	0	0	872265	0
FFQ	73	0	0	0	0	0	0	0	0	0	0	0	0	18166	0	0	0	0	0	0	0	0	0	0	0	52237	0	0	0	0	0	0	0	0	0	0	0	0	0	0	0	866466	0
FFQ	74	0	0	0	0	0	0	0	0	0	0	0	0	16235	0	0	0	0	0	0	0	0	0	0	0	49495	0	0	0	0	0	0	0	0	0	0	0	0	0	0	0	868605	0
FFQ	75	0	0	0	0	0	0	0	0	0	0	0	0	16023	0	0	0	0	0	0	0	0	0	0	0	48719	0	0	0	0	0	0	0	0	0	0	0	0	0	0	0	867029	0
FFQ	76	0	0	0	0	0	0	0	0	0	0	0	0	16334	0	0	0	0	0	0	0	0	0	0	0	50067	0	0	0	0	0	0	0	0	0	0	0	0	0	0	0	862929	0
FFQ	77	0	0	0	0	0	0	0	0	0	0	0	0	16577	0	0	0	0	0	0	0	0	0	0	0	50309	0	0	0	0	0	0	0	0	0	0	0	0	0	0	0	860285	0
FFQ	78	0	0	0	0	0	0	0	0	0	0	0	0	16730	0	0	0	0	0	0	0	0	0	0	0	50423	0	0	0	0	0	0	0	0	0	0	0	0	0	0	0	858353	0
FFQ	79	0	0	0	0	0	0	0	0	0	0	0	0	17151	0	0	0	0	0	0	0	0	0	0	0	50876	0	0	0	0	0	0	0	0	0	0	0	0	0	0	0	856297	0
FFQ	80	0	0	0	0	0	0	0	0	0	0	0	0	16947	0	0	0	0	0	0	0	0	0	0	0	51135	0	0	0	0	0	0	0	0	0	0	0	0	0	0	0	855066	0
FFQ	81	0	0	0	0	0	0	0	0	0	0	0	0	16792	0	0	0	0	0	0	0	0	0	0	0	51218	0	0	0	0	0	0	0	0	0	0	0	0	0	0	0	853768	0
FFQ	82	0	0	0	0	0	0	0	0	0	0	0	0	17188	0	0	0	0	0	0	0	0	0	0	0	51349	0	0	0	0	0	0	0	0	0	0	0	0	0	0	0	851408	0
FFQ	83	0	0	0	0	0	0	0	0	0	0	0	0	16418	0	0	0	0	0	0	0	0	0	0	0	49817	0	0	0	0	0	0	0	0	0	0	0	0	0	0	0	851406	0
FFQ	84	0	0	0	0	0	0	0	0	0	0	0	0	16463	0	0	0	0	0	0	0	0	0	0	0	50147	0	0	0	0	0	0	0	0	0	0	0	0	0	0	0	848439	0
FFQ	85	0	0	0	0	0	0	0	0	0	0	0	0	16663	0	0	0	0	0	0	0	0	0	0	0	50328	0	0	0	0	0	0	0	0	0	0	0	0	0	0	0	845306	0
FFQ	86	0	0	0	0	0	0	0	0	0	0	0	0	17791	0	0	0	0	0	0	0	0	0	0	0	51735	0	0	0	0	0	0	0	0	0	0	0	0	0	0	0	840093	0
FFQ	87	0	0	0	0	0	0	0	0	0	0	0	0	17844	0	0	0	0	0	0	0	0	0	0	0	51020	0	0	0	0	0	0	0	0	0	0	0	0	0	0	0	838310	0
FFQ	88	0	0	0	0	0	0	0	0	0	0	0	0	17670	0	0	0	0	0	0	0	0	0	0	0	51184	0	0	0	0	0	0	0	0	0	0	0	0	0	0	0	836466	0
FFQ	89	0	0	0	0	0	0	0	0	0	0	0	0	19079	0	0	0	0	0	0	0	0	0	0	0	51864	0	0	0	0	0	0	0	0	0	0	0	0	0	0	0	832951	0
FFQ	90	0	0	0	0	0	0	0	0	0	0	0	0	17298	0	0	0	0	0	0	0	0	0	0	0	51169	0	0	0	0	0	0	0	0	0	0	0	0	0	0	0	834196	0
FFQ	91	0	0	0	0	0	0	0	0	0	0	0	0	17230	0	0	0	0	0	0	0	0	0	0	0	50345	0	0	0	0	0	0	0	0	0	0	0	0	0	0	0	833645	0
FFQ	92	0	0	0	0	0	0	0	0	0	0	0	0	17356	0	0	0	0	0	0	0	0	0	0	0	51174	0	0	0	0	0	0	0	0	0	0	0	0	0	0	0	830928	0
FFQ	93	11	0	0	0	0	0	0	0	0	0	0	0	17374	0	0	0	0	0	0	0	0	0	0	0	49996	0	0	0	0	0	0	0	0	0	0	0	0	0	0	0	829819	0
FFQ	94	0	0	0	0	0	0	0	0	0	0	0	0	16324	0	0	0	0	0	0	0	0	0	0	0	48471	0	0	0	0	0	0	0	0	0	0	0	0	0	0	0	829785	0
FFQ	95	0	0	0	0	0	0	0	0	0	0	0	0	16287	0	0	0	0	0	0	0	0	0	0	0	48377	0	0	0	0	0	0	0	0	0	0	0	0	0	0	0	827003	0
FFQ	96	0	0	0	0	0	0	0	0	0	0	0	0	16290	0	0	0	0	0	0	0	0	0	0	0	48266	0	0	0	0	0	0	0	0	0	0	0	0	0	0	0	824239	0
FFQ	97	0	0	0	0	0	0	0	0	0	0	0	0	16331	0	0	0	0	0	0	0	0	0	0	0	48527	0	0	0	0	0	0	0	0	0	0	0	0	0	0	0	821342	0
FFQ	98	0	0	0	0	0	0	0	0	0	0	0	0	16325	0	0	0	0	0	0	0	0	0	0	0	48468	0	0	0	0	0	0	0	0	0	0	0	0	0	0	0	819293	0
FFQ	99	0	0	0	0	0	0	0	0	0	0	0	0	16592	0	0	0	0	0	0	0	0	0	0	0	48799	0	0	0	0	0	0	0	0	0	0	0	0	0	0	0	817103	0
FFQ	100	0	0	0	0	0	0	0	0	0	0	0	0	16498	0	0	0	0	0	0	0	0	0	0	0	48660	0	0	0	0	0	0	0	0	0	0	0	0	0	0	0	815914	0
FFQ	101	0	0	0	0	0	0	0	0	0	0	0	0	16366	0	0	0	0	0	0	0	0	0	0	0	48276	0	0	0	0	0	0	0	0	0	0	0	0	0	0	0	814953	0
FFQ	102	0	0	0	0	0	0	0	0	0	0	0	0	16592	0	0	0	0	0	0	0	0	0	0	0	48141	0	0	0	0	0	0	0	0	0	0	0	0	0	0	0	813051	0
FFQ	103	0	0	0	0	0	0	0	0	0	0	0	0	16808	0	0	0	0	0	0	0	0	0	0	0	48464	0	0	0	0	0	0	0	0	0	0	0	0	0	0	0	810344	0
FFQ	104	0	0	0	0	0	0	0	0	0	0	0	0	16538	0	0	0	0	0	0	0	0	0	0	0	48664	0	0	0	0	0	0	0	0	0	0	0	0	0	0	0	807805	0
FFQ	105	0	0	0	0	0	0	0	0	0	0	0	0	17220	0	0	0	0	0	0	0	0	0	0	0	49223	0	0	0	0	0	0	0	0	0	0	0	0	0	0	0	803705	0
FFQ	106	0	0	0	0	0	0	0	0	0	0	0	0	17208	0	0	0	0	0	0	0	0	0	0	0	48996	0	0	0	0	0	0	0	0	0	0	0	0	0	0	0	800923	0
FFQ	107	0	0	0	0	0	0	0	0	0	0	0	0	18404	0	0	0	0	0	0	0	0	0	0	0	49635	0	0	0	0	0	0	0	0	0	0	0	0	0	0	0	796300	0
FFQ	108	0	0	0	0	0	0	0	0	0	0	0	0	17892	0	0	0	0	0	0	0	0	0	0	0	49809	0	0	0	0	0	0	0	0	0	0	0	0	0	0	0	794283	0
FFQ	109	0	0	0	0	0	0	0	0	0	0	0	0	18835	0	0	0	0	0	0	0	0	0	0	0	51016	0	0	0	0	0	0	0	0	0	0	0	0	0	0	0	790201	0
FFQ	110	0	0	0	0	0	0	0	0	0	0	0	0	20260	0	0	0	0	0	0	0	0	0	0	0	51821	0	0	0	0	0	0	0	0	0	0	0	0	0	0	0	786293	0
FFQ	111	1	0	0	0	0	0	0	0	0	0	0	0	18383	0	0	0	0	0	0	0	0	0	0	0	50878	0	0	0	0	0	0	0	0	0	0	0	0	0	0	0	787586	0
FFQ	112	0	0	0	0	0	0	0	0	0	0	0	0	18920	0	0	0	0	0	0	0	0	0	0	0	51043	0	0	0	0	0	0	0	0	0	0	0	0	0	0	0	785114	0
FFQ	113	0	0	0	0	0	0	0	0	0	0	0	0	23003	0	0	0	0	0	0	0	0	0	0	0	54874	0	0	0	0	0	0	0	0	0	0	0	0	0	0	0	775096	0
FFQ	114	0	0	0	0	0	0	0	0	0	0	0	0	20374	0	0	0	0	0	0	0	0	0	0	0	53576	0	0	0	0	0	0	0	0	0	0	0	0	0	0	0	776450	0
FFQ	115	0	0	0	0	0	0	0	0	0	0	0	0	20166	0	0	0	0	0	0	0	0	0	0	0	53242	0	0	0	0	0	0	0	0	0	0	0	0	0	0	0	774292	0
FFQ	116	4	0	0	0	0	0	0	0	0	0	0	0	20221	0	0	0	0	0	0	0	0	0	0	0	53527	0	0	0	0	0	0	0	0	0	0	0	0	0	0	0	771030	0
FFQ	117	0	0	0	0	0	0	0	0	0	0	0	0	22126	0	0	0	0	0	0	0	0	0	0	0	53403	0	0	0	0	0	0	0	0	0	0	0	0	0	0	0	766474	0
FFQ	118	0	0	0	0	0	0	0	0	0	0	0	0	18818	0	0	0	0	0	0	0	0	0	0	0	51488	0	0	0	0	0	0	0	0	0	0	0	0	0	0	0	769151	0
FFQ	119	0	0	0	0	0	0	0	0	0	0	0	0	18816	0	0	0	0	0	0	0	0	0	0	0	51216	0	0	0	0	0	0	0	0	0	0	0	0	0	0	0	767270	0
FFQ	120	0	0	0	0	0	0	0	0	0	0	0	0	18687	0	0	0	0	0	0	0	0	0	0	0	51236	0	0	0	0	0	0	0	0	0	0	0	0	0	0	0	765681	0
FFQ	121	0	0	0	0	0	0	0	0	0	0	0	0	19398	0	0	0	0	0	0	0	0	0	0	0	52719	0	0	0	0	0	0	0	0	0	0	0	0	0	0	0	761776	0
FFQ	122	0	0	0	0	0	0	0	0	0	0	0	0	18899	0	0	0	0	0	0	0	0	0	0	0	51058	0	0	0	0	0	0	0	0	0	0	0	0	0	0	0	762155	0
FFQ	123	19	0	0	0	0	0	0	0	0	0	0	0	20503	0	0	0	0	0	0	0	0	0	0	0	50889	0	0	0	0	0	0	0	0	0	0	0	0	0	0	0	758636	0
FFQ	124	0	0	0	0	0	0	0	0	0	0	0	0	18777	0	0	0	0	0	0	0	0	0	0	0	51017	0	0	0	0	0	0	0	0	0	0	0	0	0	0	0	757775	0
FFQ	125	9	0	0	0	0	0	0	0	0	0	0	0	18301	0	0	0	0	0	0	0	0	0	0	0	49957	0	0	0	0	0	0	0	0	0	0	0	0	0	0	0	756675	0
FFQ	126	0	0	0	0	0	0	0	0	0	0	0	0	18416	0	0	0	0	0	0	0	0	0	0	0	50686	0	0	0	0	0	0	0	0	0	0	0	0	0	0	0	752909	0
FFQ	127	0	0	0	0	0	0	0	0	0	0	0	0	18764	0	0	0	0	0	0	0	0	0	0	0	50025	0	0	0	0	0	0	0	0	0	0	0	0	0	0	0	750374	0
FFQ	128	4	0	0	0	0	0	0	0	0	0	0	0	20725	0	0	0	0	0	0	0	0	0	0	0	51440	0	0	0	0	0	0	0	0	0	0	0	0	0	0	0	744418	0
FFQ	129	0	0	0	0	0	0	0	0	0	0	0	0	19082	0	0	0	0	0	0	0	0	0	0	0	50606	0	0	0	0	0	0	0	0	0	0	0	0	0	0	0	744608	0
FFQ	130	0	0	0	0	0	0	0	0	0	0	0	0	18056	0	0	0	0	0	0	0	0	0	0	0	49686	0	0	0	0	0	0	0	0	0	0	0	0	0	0	0	744573	0
FFQ	131	10	0	0	0	0	0	0	0	0	0	0	0	18542	0	0	0	0	0	0	0	0	0	0	0	49655	0	0	0	0	0	0	0	0	0	0	0	0	0	0	0	742472	0
FFQ	132	0	0	0	0	0	0	0	0	0	0	0	0	18706	0	0	0	0	0	0	0	0	0	0	0	49545	0	0	0	0	0	0	0	0	0	0	0	0	0	0	0	740666	0
FFQ	133	0	0	0	0	0	0	0	0	0	0	0	0	19536	0	0	0	0	0	0	0	0	0	0	0	51317	0	0	0	0	0	0	0	0	0	0	0	0	0	0	0	736147	0
FFQ	134	0	0	0	0	0	0	0	0	0	0	0	0	19566	0	0	0	0	0	0	0	0	0	0	0	51703	0	0	0	0	0	0	0	0	0	0	0	0	0	0	0	733524	0
FFQ	135	0	0	0	0	0	0	0	0	0	0	0	0	20422	0	0	0	0	0	0	0	0	0	0	0	52233	0	0	0	0	0	0	0	0	0	0	0	0	0	0	0	729529	0
FFQ	136	0	0	0	0	0	0	0	0	0	0	0	0	21133	0	0	0	0	0	0	0	0	0	0	0	53439	0	0	0	0	0	0	0	0	0	0	0	0	0	0	0	724756	0
FFQ	137	19664	0	0	0	0	0	0	0	0	0	0	0	20609	0	0	0	0	0	0	0	0	0	0	0	52365	0	0	0	0	0	0	0	0	0	0	0	0	0	0	0	703656	0
FFQ	138	0	0	0	0	0	0	0	0	0	0	0	0	20362	0	0	0	0	0	0	0	0	0	0	0	52987	0	0	0	0	0	0	0	0	0	0	0	0	0	0	0	720378	0
FFQ	139	1	0	0	0	0	0	0	0	0	0	0	0	20100	0	0	0	0	0	0	0	0	0	0	0	52768	0	0	0	0	0	0	0	0	0	0	0	0	0	0	0	718549	0
FFQ	140	1	0	0	0	0	0	0	0	0	0	0	0	20058	0	0	0	0	0	0	0	0	0	0	0	52322	0	0	0	0	0	0	0	0	0	0	0	0	0	0	0	716852	0
FFQ	141	0	0	0	0	0	0	0	0	0	0	0	0	20204	0	0	0	0	0	0	0	0	0	0	0	52361	0	0	0	0	0	0	0	0	0	0	0	0	0	0	0	714548	0
FFQ	142	0	0	0	0	0	0	0	0	0	0	0	0	20034	0	0	0	0	0	0	0	0	0	0	0	52480	0	0	0	0	0	0	0	0	0	0	0	0	0	0	0	712807	0
FFQ	143	0	0	0	0	0	0	0	0	0	0	0	0	20007	0	0	0	0	0	0	0	0	0	0	0	52760	0	0	0	0	0	0	0	0	0	0	0	0	0	0	0	710655	0
FFQ	144	0	0	0	0	0	0	0	0	0	0	0	0	20048	0	0	0	0	0	0	0	0	0	0	0	52406	0	0	0	0	0	0	0	0	0	0	0	0	0	0	0	708777	0
FFQ	145	3	0	0	0	0	0	0	0	0	0	0	0	21229	0	0	0	0	0	0	0	0	0	0	0	53981	0	0	0	0	0	0	0	0	0	0	0	0	0	0	0	703428	0
FFQ	146	0	0	0	0	0	0	0	0	0	0	0	0	20684	0	0	0	0	0	0	0	0	0	0	0	52505	0	0	0	0	0	0	0	0	0	0	0	0	0	0	0	702620	0
FFQ	147	0	0	0	0	0	0	0	0	0	0	0	0	22248	0	0	0	0	0	0	0	0	0	0	0	54132	0	0	0	0	0	0	0	0	0	0	0	0	0	0	0	696222	0
FFQ	148	0	0	0	0	0	0	0	0	0	0	0	0	21328	0	0	0	0	0	0	0	0	0	0	0	53789	0	0	0	0	0	0	0	0	0	0	0	0	0	0	0	692377	0
FFQ	149	0	0	0	0	0	0	0	0	0	0	0	0	20692	0	0	0	0	0	0	0	0	0	0	0	53067	0	0	0	0	0	0	0	0	0	0	0	0	0	0	0	682577	0
FFQ	150	0	0	0	0	0	0	0	0	0	0	0	0	18949	0	0	0	0	0	0	0	0	0	0	0	48676	0	0	0	0	0	0	0	0	0	0	0	0	0	0	0	646671	0
FFQ	151	0	0	0	0	0	0	0	0	0	0	0	0	16544	0	0	0	0	0	0	0	0	0	0	0	44318	0	0	0	0	0	0	0	0	0	0	0	0	0	0	0	506010	0
# Last Fragment Qualities. Use `grep ^LFQ | cut -f 2-` to extract this part.
# Columns correspond to qualities and rows to cycles. First column is the cycle number.
LFQ	1	30	0	0	0	0	0	0	0	0	0	0	0	17886	0	0	0	0	0	0	0	0	0	0	0	63493	0	0	0	0	0	0	0	0	0	0	0	0	0	0	0	914383	0
LFQ	2	101	0	0	0	0	0	0	0	0	0	0	0	40550	0	0	0	0	0	0	0	0	0	0	0	101165	0	0	0	0	0	0	0	0	0	0	0	0	0	0	0	853976	0
LFQ	3	21	0	0	0	0	0	0	0	0	0	0	0	29142	0	0	0	0	0	0	0	0	0	0	0	82406	0	0	0	0	0	0	0	0	0	0	0	0	0	0	0	884223	0
LFQ	4	0	0	0	0	0	0	0	0	0	0	0	0	35047	0	0	0	0	0	0	0	0	0	0	0	89031	0	0	0	0	0	0	0	0	0	0	0	0	0	0	0	871714	0
LFQ	5	0	0	0	0	0	0	0	0	0	0	0	0	29009	0	0	0	0	0	0	0	0	0	0	0	77190	0	0	0	0	0	0	0	0	0	0	0	0	0	0	0	889593	0
LFQ	6	0	0	0	0	0	0	0	0	0	0	0	0	25098	0	0	0	0	0	0	0	0	0	0	0	68837	0	0	0	0	0	0	0	0	0	0	0	0	0	0	0	901857	0
LFQ	7	0	0	0	0	0	0	0	0	0	0	0	0	25024	0	0	0	0	0	0	0	0	0	0	0	67446	0	0	0	0	0	0	0	0	0	0	0	0	0	0	0	903322	0
LFQ	8	0	0	0	0	0	0	0	0	0	0	0	0	23805	0	0	0	0	0	0	0	0	0	0	0	64990	0	0	0	0	0	0	0	0	0	0	0	0	0	0	0	906997	0
LFQ	9	0	0	0	0	0	0	0	0	0	0	0	0	26501	0	0	0	0	0	0	0	0	0	0	0	71728	0	0	0	0	0	0	0	0	0	0	0	0	0	0	0	897563	0
LFQ	10	0	0	0	0	0	0	0	0	0	0	0	0	26820	0	0	0	0	0	0	0	0	0	0	0	71024	0	0	0	0	0	0	0	0	0	0	0	0	0	0	0	897948	0
LFQ	11	0	0	0	0	0	0	0	0	0	0	0	0	20311	0	0	0	0	0	0	0	0	0	0	0	55712	0	0	0	0	0	0	0	0	0	0	0	0	0	0	0	919769	0
LFQ	12	0	0	0	0	0	0	0	0	0	0	0	0	26756	0	0	0	0	0	0	0	0	0	0	0	70833	0	0	0	0	0	0	0	0	0	0	0	0	0	0	0	898203	0
LFQ	13	0	0	0	0	0	0	0	0	0	0	0	0	22544	0	0	0	0	0	0	0	0	0	0	0	62742	0	0	0	0	0	0	0	0	0	0	0	0	0	0	0	910506	0
LFQ	14	0	0	0	0	0	0	0	0	0	0	0	0	26116	0	0	0	0	0	0	0	0	0	0	0	69518	0	0	0	0	0	0	0	0	0	0	0	0	0	0	0	900158	0
LFQ	15	0	0	0	0	0	0	0	0	0	0	0	0	24507	0	0	0	0	0	0	0	0	0	0	0	67032	0	0	0	0	0	0	0	0	0	0	0	0	0	0	0	904253	0
LFQ	16	0	0	0	0	0	0	0	0	0	0	0	0	24954	0	0	0	0	0	0	0	0	0	0	0	67531	0	0	0	0	0	0	0	0	0	0	0	0	0	0	0	903307	0
LFQ	17	0	0	0	0	0	0	0	0	0	0	0	0	24791	0	0	0	0	0	0	0	0	0	0	0	67210	0	0	0	0	0	0	0	0	0	0	0	0	0	0	0	903791	0
LFQ	18	0	0	0	0	0	0	0	0	0	0	0	0	24154	0	0	0	0	0	0	0	0	0	0	0	65852	0	0	0	0	0	0	0	0	0	0	0	0	0	0	0	905786	0
LFQ	19	0	0	0	0	0	0	0	0	0	0	0	0	24335	0	0	0	0	0	0	0	0	0	0	0	66098	0	0	0	0	0	0	0	0	0	0	0	0	0	0	0	905359	0
LFQ	20	0	0	0	0	0	0	0	0	0	0	0	0	23589	0	0	0	0	0	0	0	0	0	0	0	65336	0	0	0	0	0	0	0	0	0	0	0	0	0	0	0	906867	0
LFQ	21	0	0	0	0	0	0	0	0	0	0	0	0	24328	0	0	0	0	0	0	0	0	0	0	0	66594	0	0	0	0	0	0	0	0	0	0	0	0	0	0	0	904870	0
LFQ	22	0	0	0	0	0	0	0	0	0	0	0	0	23668	0	0	0	0	0	0	0	0	0	0	0	65079	0	0	0	0	0	0	0	0	0	0	0	0	0	0	0	907045	0
LFQ	23	0	0	0	0	0	0	0	0	0	0	0	0	24104	0	0	0	0	0	0	0	0	0	0	0	66475	0	0	0	0	0	0	0	0	0	0	0	0	0	0	0	905213	0
LFQ	24	0	0	0	0	0	0	0	0	0	0	0	0	24033	0	0	0	0	0	0	0	0	0	0	0	65768	0	0	0	0	0	0	0	0	0	0	0	0	0	0	0	905991	0
LFQ	25	0	0	0	0	0	0	0	0	0	0	0	0	23539	0	0	0	0	0	0	0	0	0	0	0	65024	0	0	0	0	0	0	0	0	0	0	0	0	0	0	0	907229	0
LFQ	26	0	0	0	0	0	0	0	0	0	0	0	0	22995	0	0	0	0	0	0	0	0	0	0	0	63805	0	0	0	0	0	0	0	0	0	0	0	0	0	0	0	908992	0
LFQ	27	0	0	0	0	0	0	0	0	0	0	0	0	22585	0	0	0	0	0	0	0	0	0	0	0	63016	0	0	0	0	0	0	0	0	0	0	0	0	0	0	0	910191	0
LFQ	28	0	0	0	0	0	0	0	0	0	0	0	0	22700	0	0	0	0	0	0	0	0	0	0	0	62999	0	0	0	0	0	0	0	0	0	0	0	0	0	0	0	910093	0
LFQ	29	0	0	0	0	0	0	0	0	0	0	0	0	23160	0	0	0	0	0	0	0	0	0	0	0	63567	0	0	0	0	0	0	0	0	0	0	0	0	0	0	0	909065	0
LFQ	30	0	0	0	0	0	0	0	0	0	0	0	0	22927	0	0	0	0	0	0	0	0	0	0	0	63871	0	0	0	0	0	0	0	0	0	0	0	0	0	0	0	908994	0
LFQ	31	0	0	0	0	0	0	0	0	0	0	0	0	22718	0	0	0	0	0	0	0	0	0	0	0	63134	0	0	0	0	0	0	0	0	0	0	0	0	0	0	0	909623	0
LFQ	32	0	0	0	0	0	0	0	0	0	0	0	0	23863	0	0	0	0	0	0	0	0	0	0	0	64909	0	0	0	0	0	0	0	0	0	0	0	0	0	0	0	906300	0
LFQ	33	22	0	0	0	0	0	0	0	0	0	0	0	24069	0	0	0	0	0	0	0	0	0	0	0	65146	0	0	0	0	0	0	0	0	0	0	0	0	0	0	0	905179	0
LFQ	34	0	0	0	0	0	0	0	0	0	0	0	0	23499	0	0	0	0	0	0	0	0	0	0	0	64830	0	0	0	0	0	0	0	0	0	0	0	0	0	0	0	905121	0
LFQ	35	0	0	0	0	0	0	0	0	0	0	0	0	23109	0	0	0	0	0	0	0	0	0	0	0	64017	0	0	0	0	0	0	0	0	0	0	0	0	0	0	0	905235	0
LFQ	36	0	0	0	0	0	0	0	0	0	0	0	0	24015	0	0	0	0	0	0	0	0	0	0	0	65258	0	0	0	0	0	0	0	0	0	0	0	0	0	0	0	901966	0
LFQ	37	0	0	0	0	0	0	0	0	0	0	0	0	23625	0	0	0	0	0	0	0	0	0	0	0	65526	0	0	0	0	0	0	0	0	0	0	0	0	0	0	0	901283	0
LFQ	38	0	0	0	0	0	0	0	0	0	0	0	0	23952	0	0	0	0	0	0	0	0	0	0	0	65702	0	0	0	0	0	0	0	0	0	0	0	0	0	0	0	900279	0
LFQ	39	1	0	0	0	0	0	0	0	0	0	0	0	24133	0	0	0	0	0	0	0	0	0	0	0	66620	0	0	0	0	0	0	0	0	0	0	0	0	0	0	0	898734	0
LFQ	40	0	0	0	0	0	0	0	0	0	0	0	0	24312	0	0	0	0	0	0	0	0	0	0	0	66294	0	0	0	0	0	0	0	0	0	0	0	0	0	0	0	898219	0
LFQ	41	0	0	0	0	0	0	0	0	0	0	0	0	24283	0	0	0	0	0	0	0	0	0	0	0	66085	0	0	0	0	0	0	0	0	0	0	0	0	0	0	0	897495	0
LFQ	42	0	0	0	0	0	0	0	0	0	0	0	0	24784	0	0	0	0	0	0	0	0	0	0	0	66561	0	0	0	0	0	0	0	0	0	0	0	0	0	0	0	895297	0
LFQ	43	0	0	0	0	0	0	0	0	0	0	0	0	24337	0	0	0	0	0	0	0	0	0	0	0	66738	0	0	0	0	0	0	0	0	0	0	0	0	0	0	0	894008	0
LFQ	44	0	0	0	0	0	0	0	0	0	0	0	0	24349	0	0	0	0	0	0	0	0	0	0	0	66661	0	0	0	0	0	0	0	0	0	0	0	0	0	0	0	892170	0
LFQ	45	0	0	0	0	0	0	0	0	0	0	0	0	24539	0	0	0	0	0	0	0	0	0	0	0	68325	0	0	0	0	0	0	0	0	0	0	0	0	0	0	0	888136	0
LFQ	46	0	0	0	0	0	0	0	0	0	0	0	0	24717	0	0	0	0	0	0	0	0	0	0	0	67946	0	0	0	0	0	0	0	0	0	0	0	0	0	0	0	886466	0
LFQ	47	0	0	0	0	0	0	0	0	0	0	0	0	25145	0	0	0	0	0	0	0	0	0	0	0	68968	0	0	0	0	0	0	0	0	0	0	0	0	0	0	0	883740	0
LFQ	48	0	0	0	0	0	0	0	0	0	0	0	0	25215	0	0	0	0	0	0	0	0	0	0	0	68627	0	0	0	0	0	0	0	0	0	0	0	0	0	0	0	883182	0
LFQ	49	0	0	0	0	0	0	0	0	0	0	0	0	25275	0	0	0	0	0	0	0	0	0	0	0	68494	0	0	0	0	0	0	0	0	0	0	0	0	0	0	0	882562	0
LFQ	50	0	0	0	0	0	0	0	0	0	0	0	0	25150	0	0	0	0	0	0	0	0	0	0	0	68084	0	0	0	0	0	0	0	0	0	0	0	0	0	0	0	882246	0
LFQ	51	7	0	0	0	0	0	0	0	0	0	0	0	25257	0	0	0	0	0	0	0	0	0	0	0	69479	0	0	0	0	0	0	0	0	0	0	0	0	0	0	0	879425	0
LFQ	52	0	0	0	0	0	0	0	0	0	0	0	0	24992	0	0	0	0	0	0	0	0	0	0	0	68279	0	0	0	0	0	0	0	0	0	0	0	0	0	0	0	879371	0
LFQ	53	0	0	0	0	0	0	0	0	0	0	0	0	24736	0	0	0	0	0	0	0	0	0	0	0	68098	0	0	0	0	0	0	0	0	0	0	0	0	0	0	0	877861	0
LFQ	54	0	0	0	0	0	0	0	0	0	0	0	0	25640	0	0	0	0	0	0	0	0	0	0	0	69383	0	0	0	0	0	0	0	0	0	0	0	0	0	0	0	873511	0
LFQ	55	0	0	0	0	0	0	0	0	0	0	0	0	24956	0	0	0	0	0	0	0	0	0	0	0	68771	0	0	0	0	0	0	0	0	0	0	0	0	0	0	0	872468	0
LFQ	56	0	0	0	0	0	0	0	0	0	0	0	0	25265	0	0	0	0	0	0	0	0	0	0	0	69471	0	0	0	0	0	0	0	0	0	0	0	0	0	0	0	869394	0
LFQ	57	1	0	0	0	0	0	0	0	0	0	0	0	25147	0	0	0	0	0	0	0	0	0	0	0	68830	0	0	0	0	0	0	0	0	0	0	0	0	0	0	0	868635	0
LFQ	58	0	0	0	0	0	0	0	0	0	0	0	0	25346	0	0	0	0	0	0	0	0	0	0	0	68759	0	0	0	0	0	0	0	0	0	0	0	0	0	0	0	867430	0
LFQ	59	0	0	0	0	0	0	0	0	0	0	0	0	25459	0	0	0	0	0	0	0	0	0	0	0	69321	0	0	0	0	0	0	0	0	0	0	0	0	0	0	0	865925	0
LFQ	60	0	0	0	0	0	0	0	0	0	0	0	0	25292	0	0	0	0	0	0	0	0	0	0	0	69080	0	0	0	0	0	0	0	0	0	0	0	0	0	0	0	865412	0
LFQ	61	1	0	0	0	0	0	0	0	0	0	0	0	25739	0	0	0	0	0	0	0	0	0	0	0	69502	0	0	0	0	0	0	0	0	0	0	0	0	0	0	0	863193	0
LFQ	62	0	0	0	0	0	0	0	0	0	0	0	0	26553	0	0	0	0	0	0	0	0	0	0	0	71249	0	0	0	0	0	0	0	0	0	0	0	0	0	0	0	858941	0
LFQ	63	22	0	0	0	0	0	0	0	0	0	0	0	26818	0	0	0	0	0	0	0	0	0	0	0	71769	0	0	0	0	0	0	0	0	0	0	0	0	0	0	0	856012	0
LFQ	64	0	0	0	0	0	0	0	0	0	0	0	0	26728	0	0	0	0	0	0	0	0	0	0	0	71486	0	0	0	0	0	0	0	0	0	0	0	0	0	0	0	854014	0
LFQ	65	0	0	0	0	0	0	0	0	0	0	0	0	26665	0	0	0	0	0	0	0	0	0	0	0	71857	0	0	0	0	0	0	0	0	0	0	0	0	0	0	0	851276	0
LFQ	66	0	0	0	0	0	0	0	0	0	0	0	0	27253	0	0	0	0	0	0	0	0	0	0	0	72273	0	0	0	0	0	0	0	0	0	0	0	0	0	0	0	848066	0
LFQ	67	1	0	0	0	0	0	0	0	0	0	0	0	26781	0	0	0	0	0	0	0	0	0	0	0	71550	0	0	0	0	0	0	0	0	0	0	0	0	0	0	0	847398	0
LFQ	68	0	0	0	0	0	0	0	0	0	0	0	0	27210	0	0	0	0	0	0	0	0	0	0	0	72227	0	0	0	0	0	0	0	0	0	0	0	0	0	0	0	844962	0
LFQ	69	0	0	0	0	0	0	0	0	0	0	0	0	26747	0	0	0	0	0	0	0	0	0	0	0	72370	0	0	0	0	0	0	0	0	0	0	0	0	0	0	0	844270	0
LFQ	70	1	0	0	0	0	0	0	0	0	0	0	0	27070	0	0	0	0	0	0	0	0	0	0	0	72535	0	0	0	0	0	0	0	0	0	0	0	0	0	0	0	842688	0
LFQ	71	0	0	0	0	0	0	0	0	0	0	0	0	26933	0	0	0	0	0	0	0	0	0	0	0	72363	0	0	0	0	0	0	0	0	0	0	0	0	0	0	0	841532	0
LFQ	72	0	0	0	0	0	0	0	0	0	0	0	0	27193	0	0	0	0	0	0	0	0	0	0	0	73095	0	0	0	0	0	0	0	0	0	0	0	0	0	0	0	838710	0
LFQ	73	1	0	0	0	0	0	0	0	0	0	0	0	27554	0	0	0	0	0	0	0	0	0	0	0	73036	0	0	0	0	0	0	0	0	0	0	0	0	0	0	0	836180	0
LFQ	74	11	0	0	0	0	0	0	0	0	0	0	0	27709	0	0	0	0	0	0	0	0	0	0	0	72789	0	0	0	0	0	0	0	0	0	0	0	0	0	0	0	833731	0
LFQ	75	1	0	0	0	0	0	0	0	0	0	0	0	27454	0	0	0	0	0	0	0	0	0	0	0	72953	0	0	0	0	0	0	0	0	0	0	0	0	0	0	0	831259	0
LFQ	76	0	0	0	0	0	0	0	0	0	0	0	0	28138	0	0	0	0	0	0	0	0	0	0	0	74183	0	0	0	0	0	0	0	0	0	0	0	0	0	0	0	826906	0
LFQ	77	0	0	0	0	0	0	0	0	0	0	0	0	28415	0	0	0	0	0	0	0	0	0	0	0	73861	0	0	0	0	0	0	0	0	0	0	0	0	0	0	0	824787	0
LFQ	78	0	0	0	0	0	0	0	0	0	0	0	0	29777	0	0	0	0	0	0	0	0	0	0	0	75993	0	0	0	0	0	0	0	0	0	0	0	0	0	0	0	819625	0
LFQ	79	0	0	0	0	0	0	0	0	0	0	0	0	31672	0	0	0	0	0	0	0	0	0	0	0	77720	0	0	0	0	0	0	0	0	0	0	0	0	0	0	0	814823	0
LFQ	80	0	0	0	0	0	0	0	0	0	0	0	0	29256	0	0	0	0	0	0	0	0	0	0	0	75870	0	0	0	0	0	0	0	0	0	0	0	0	0	0	0	817913	0
LFQ	81	0	0	0	0	0	0	0	0	0	0	0	0	29979	0	0	0	0	0	0	0	0	0	0	0	77375	0	0	0	0	0	0	0	0	0	0	0	0	0	0	0	814312	0
LFQ	82	0	0	0	0	0	0	0	0	0	0	0	0	29645	0	0	0	0	0	0	0	0	0	0	0	77774	0	0	0	0	0	0	0	0	0	0	0	0	0	0	0	812413	0
LFQ	83	2	0	0	0	0	0	0	0	0	0	0	0	29372	0	0	0	0	0	0	0	0	0	0	0	76504	0	0	0	0	0	0	0	0	0	0	0	0	0	0	0	811648	0
LFQ	84	0	0	0	0	0	0	0	0	0	0	0	0	30283	0	0	0	0	0	0	0	0	0	0	0	76739	0	0	0	0	0	0	0	0	0	0	0	0	0	0	0	807911	0
LFQ	85	0	0	0	0	0	0	0	0	0	0	0	0	32343	0	0	0	0	0	0	0	0	0	0	0	79588	0	0	0	0	0	0	0	0	0	0	0	0	0	0	0	800245	0
LFQ	86	0	0	0	0	0	0	0	0	0	0	0	0	30118	0	0	0	0	0	0	0	0	0	0	0	77723	0	0	0	0	0	0	0	0	0	0	0	0	0	0	0	801662	0
LFQ	87	0	0	0	0	0	0	0	0	0	0	0	0	30969	0	0	0	0	0	0	0	0	0	0	0	78969	0	0	0	0	0	0	0	0	0	0	0	0	0	0	0	797123	0
LFQ	88	0	0	0	0	0	0	0	0	0	0	0	0	32545	0	0	0	0	0	0	0	0	0	0	0	80180	0	0	0	0	0	0	0	0	0	0	0	0	0	0	0	792487	0
LFQ	89	5	0	0	0	0	0	0	0	0	0	0	0	33829	0	0	0	0	0	0	0	0	0	0	0	79548	0	0	0	0	0	0	0	0	0	0	0	0	0	0	0	790402	0
LFQ	90	0	0	0	0	0	0	0	0	0	0	0	0	31545	0	0	0	0	0	0	0	0	0	0	0	77525	0	0	0	0	0	0	0	0	0	0	0	0	0	0	0	793486	0
LFQ	91	0	0	0	0	0	0	0	0	0	0	0	0	31429	0	0	0	0	0	0	0	0	0	0	0	78295	0	0	0	0	0	0	0	0	0	0	0	0	0	0	0	791398	0
LFQ	92	16	0	0	0	0	0	0	0	0	0	0	0	32336	0	0	0	0	0	0	0	0	0	0	0	78994	0	0	0	0	0	0	0	0	0	0	0	0	0	0	0	788022	0
LFQ	93	31	0	0	0	0	0	0	0	0	0	0	0	35784	0	0	0	0	0	0	0	0	0	0	0	81431	0	0	0	0	0	0	0	0	0	0	0	0	0	0	0	779873	0
LFQ	94	0	0	0	0	0	0	0	0	0	0	0	0	31753	0	0	0	0	0	0	0	0	0	0	0	77974	0	0	0	0	0	0	0	0	0	0	0	0	0	0	0	784770	0
LFQ	95	1	0	0	0	0	0	0	0	0	0	0	0	33161	0	0	0	0	0	0	0	0	0	0	0	79168	0	0	0	0	0	0	0	0	0	0	0	0	0	0	0	779251	0
LFQ	96	7	0	0	0	0	0	0	0	0	0	0	0	35051	0	0	0	0	0	0	0	0	0	0	0	80368	0	0	0	0	0	0	0	0	0	0	0	0	0	0	0	773285	0
LFQ	97	0	0	0	0	0	0	0	0	0	0	0	0	32349	0	0	0	0	0	0	0	0	0	0	0	78352	0	0	0	0	0	0	0	0	0	0	0	0	0	0	0	775412	0
LFQ	98	2	0	0	0	0	0	0	0	0	0	0	0	34624	0	0	0	0	0	0	0	0	0	0	0	80611	0	0	0	0	0	0	0	0	0	0	0	0	0	0	0	768767	0
LFQ	99	0	0	0	0	0	0	0	0	0	0	0	0	32063	0	0	0	0	0	0	0	0	0	0	0	78196	0	0	0	0	0	0	0	0	0	0	0	0	0	0	0	772156	0
LFQ	100	1	0	0	0	0	0	0	0	0	0	0	0	31847	0	0	0	0	0	0	0	0	0	0	0	78447	0	0	0	0	0	0	0	0	0	0	0	0	0	0	0	770700	0
LFQ	101	0	0	0	0	0	0	0	0	0	0	0	0	32388	0	0	0	0	0	0	0	0	0	0	0	78858	0	0	0	0	0	0	0	0	0	0	0	0	0	0	0	768270	0
LFQ	102	0	0	0	0	0	0	0	0	0	0	0	0	33098	0	0	0	0	0	0	0	0	0	0	0	79222	0	0	0	0	0	0	0	0	0	0	0	0	0	0	0	765379	0
LFQ	103	0	0	0	0	0	0	0	0	0	0	0	0	35892	0	0	0	0	0	0	0	0	0	0	0	81976	0	0	0	0	0	0	0	0	0	0	0	0	0	0	0	757649	0
LFQ	104	10	0	0	0	0	0	0	0	0	0	0	0	32786	0	0	0	0	0	0	0	0	0	0	0	80535	0	0	0	0	0	0	0	0	0	0	0	0	0	0	0	759582	0
LFQ	105	0	0	0	0	0	0	0	0	0	0	0	0	33715	0	0	0	0	0	0	0	0	0	0	0	81141	0	0	0	0	0	0	0	0	0	0	0	0	0	0	0	755200	0
LFQ	106	0	0	0	0	0	0	0	0	0	0	0	0	33936	0	0	0	0	0	0	0	0	0	0	0	81250	0	0	0	0	0	0	0	0	0	0	0	0	0	0	0	751851	0
LFQ	107	4	0	0	0	0	0	0	0	0	0	0	0	36871	0	0	0	0	0	0	0	0	0	0	0	82344	0	0	0	0	0	0	0	0	0	0	0	0	0	0	0	745042	0
LFQ	108	2	0	0	0	0	0	0	0	0	0	0	0	33842	0	0	0	0	0	0	0	0	0	0	0	81335	0	0	0	0	0	0	0	0	0	0	0	0	0	0	0	746743	0
LFQ	109	1	0	0	0	0	0	0	0	0	0	0	0	34578	0	0	0	0	0	0	0	0	0	0	0	82747	0	0	0	0	0	0	0	0	0	0	0	0	0	0	0	742668	0
LFQ	110	1	0	0	0	0	0	0	0	0	0	0	0	35050	0	0	0	0	0	0	0	0	0	0	0	84488	0	0	0	0	0	0	0	0	0	0	0	0	0	0	0	738780	0
LFQ	111	0	0	0	0	0	0	0	0	0	0	0	0	34357	0	0	0	0	0	0	0	0	0	0	0	82518	0	0	0	0	0	0	0	0	0	0	0	0	0	0	0	739922	0
LFQ	112	17	0	0	0	0	0	0	0	0	0	0	0	35421	0	0	0	0	0	0	0	0	0	0	0	84588	0	0	0	0	0	0	0	0	0	0	0	0	0	0	0	735002	0
LFQ	113	0	0	0	0	0	0	0	0	0	0	0	0	39071	0	0	0	0	0	0	0	0	0	0	0	86599	0	0	0	0	0	0	0	0	0	0	0	0	0	0	0	727250	0
LFQ	114	0	0	0	0	0	0	0	0	0	0	0	0	40045	0	0	0	0	0	0	0	0	0	0	0	86989	0	0	0	0	0	0	0	0	0	0	0	0	0	0	0	723323	0
LFQ	115	17	0	0	0	0	0	0	0	0	0	0	0	36768	0	0	0	0	0	0	0	0	0	0	0	86947	0	0	0	0	0	0	0	0	0	0	0	0	0	0	0	723926	0
LFQ	116	7	0	0	0	0	0	0	0	0	0	0	0	36992	0	0	0	0	0	0	0	0	0	0	0	87093	0	0	0	0	0	0	0	0	0	0	0	0	0	0	0	720647	0
LFQ	117	0	0	0	0	0	0	0	0	0	0	0	0	36168	0	0	0	0	0	0	0	0	0	0	0	85684	0	0	0	0	0	0	0	0	0	0	0	0	0	0	0	720115	0
LFQ	118	3	0	0	0	0	0	0	0	0	0	0	0	44194	0	0	0	0	0	0	0	0	0	0	0	90749	0	0	0	0	0	0	0	0	0	0	0	0	0	0	0	704480	0
LFQ	119	33	0	0	0	0	0	0	0	0	0	0	0	36753	0	0	0	0	0	0	0	0	0	0	0	87433	0	0	0	0	0	0	0	0	0	0	0	0	0	0	0	713056	0
LFQ	120	0	0	0	0	0	0	0	0	0	0	0	0	46035	0	0	0	0	0	0	0	0	0	0	0	92982	0	0	0	0	0	0	0	0	0	0	0	0	0	0	0	696567	0
LFQ	121	13	0	0	0	0	0	0	0	0	0	0	0	37408	0	0	0	0	0	0	0	0	0	0	0	88004	0	0	0	0	0	0	0	0	0	0	0	0	0	0	0	708449	0
LFQ	122	14	0	0	0	0	0	0	0	0	0	0	0	37706	0	0	0	0	0	0	0	0	0	0	0	87073	0	0	0	0	0	0	0	0	0	0	0	0	0	0	0	707309	0
LFQ	123	26	0	0	0	0	0	0	0	0	0	0	0	38023	0	0	0	0	0	0	0	0	0	0	0	86316	0	0	0	0	0	0	0	0	0	0	0	0	0	0	0	705677	0
LFQ	124	0	0	0	0	0	0	0	0	0	0	0	0	48006	0	0	0	0	0	0	0	0	0	0	0	92115	0	0	0	0	0	0	0	0	0	0	0	0	0	0	0	687463	0
LFQ	125	0	0	0	0	0	0	0	0	0	0	0	0	37808	0	0	0	0	0	0	0	0	0	0	0	88565	0	0	0	0	0	0	0	0	0	0	0	0	0	0	0	698580	0
LFQ	126	3	0	0	0	0	0	0	0	0	0	0	0	38083	0	0	0	0	0	0	0	0	0	0	0	89046	0	0	0	0	0	0	0	0	0	0	0	0	0	0	0	694896	0
LFQ	127	9	0	0	0	0	0	0	0	0	0	0	0	37957	0	0	0	0	0	0	0	0	0	0	0	89054	0	0	0	0	0	0	0	0	0	0	0	0	0	0	0	692178	0
LFQ	128	0	0	0	0	0	0	0	0	0	0	0	0	46764	0	0	0	0	0	0	0	0	0	0	0	93967	0	0	0	0	0	0	0	0	0	0	0	0	0	0	0	675891	0
LFQ	129	0	0	0	0	0	0	0	0	0	0	0	0	37542	0	0	0	0	0	0	0	0	0	0	0	87918	0	0	0	0	0	0	0	0	0	0	0	0	0	0	0	688879	0
LFQ	130	6	0	0	0	0	0	0	0	0	0	0	0	37982	0	0	0	0	0	0	0	0	0	0	0	89528	0	0	0	0	0	0	0	0	0	0	0	0	0	0	0	684848	0
LFQ	131	7	0	0	0	0	0	0	0	0	0	0	0	38412	0	0	0	0	0	0	0	0	0	0	0	89593	0	0	0	0	0	0	0	0	0	0	0	0	0	0	0	682723	0
LFQ	132	2	0	0	0	0	0	0	0	0	0	0	0	38762	0	0	0	0	0	0	0	0	0	0	0	89145	0	0	0	0	0	0	0	0	0	0	0	0	0	0	0	681064	0
LFQ	133	14	0	0	0	0	0	0	0	0	0	0	0	40807	0	0	0	0	0	0	0	0	0	0	0	91792	0	0	0	0	0	0	0	0	0	0	0	0	0	0	0	674440	0
LFQ	134	0	0	0	0	0	0	0	0	0	0	0	0	41469	0	0	0	0	0	0	0	0	0	0	0	92489	0	0	0	0	0	0	0	0	0	0	0	0	0	0	0	670898	0
LFQ	135	5	0	0	0	0	0	0	0	0	0	0	0	44053	0	0	0	0	0	0	0	0	0	0	0	93655	0	0	0	0	0	0	0	0	0	0	0	0	0	0	0	664537	0
LFQ	136	0	0	0	0	0	0	0	0	0	0	0	0	41497	0	0	0	0	0	0	0	0	0	0	0	93125	0	0	0	0	0	0	0	0	0	0	0	0	0	0	0	664779	0
LFQ	137	22	0	0	0	0	0	0	0	0	0	0	0	50553	0	0	0	0	0	0	0	0	0	0	0	99416	0	0	0	0	0	0	0	0	0	0	0	0	0	0	0	646546	0
LFQ	138	0	0	0	0	0	0	0	0	0	0	0	0	43844	0	0	0	0	0	0	0	0	0	0	0	96844	0	0	0	0	0	0	0	0	0	0	0	0	0	0	0	653221	0
LFQ	139	0	0	0	0	0	0	0	0	0	0	0	0	43069	0	0	0	0	0	0	0	0	0	0	0	95454	0	0	0	0	0	0	0	0	0	0	0	0	0	0	0	653008	0
LFQ	140	0	0	0	0	0	0	0	0	0	0	0	0	43033	0	0	0	0	0	0	0	0	0	0	0	96123	0	0	0	0	0	0	0	0	0	0	0	0	0	0	0	650162	0
LFQ	141	6	0	0	0	0	0	0	0	0	0	0	0	45512	0	0	0	0	0	0	0	0	0	0	0	97118	0	0	0	0	0	0	0	0	0	0	0	0	0	0	0	644532	0
LFQ	142	0	0	0	0	0	0	0	0	0	0	0	0	47747	0	0	0	0	0	0	0	0	0	0	0	99023	0	0	0	0	0	0	0	0	0	0	0	0	0	0	0	638612	0
LFQ	143	0	0	0	0	0	0	0	0	0	0	0	0	43805	0	0	0	0	0	0	0	0	0	0	0	96921	0	0	0	0	0	0	0	0	0	0	0	0	0	0	0	642753	0
LFQ	144	3	0	0	0	0	0	0	0	0	0	0	0	44592	0	0	0	0	0	0	0	0	0	0	0	98099	0	0	0	0	0	0	0	0	0	0	0	0	0	0	0	638613	0
LFQ	145	0	0	0	0	0	0	0	0	0	0	0	0	44600	0	0	0	0	0	0	0	0	0	0	0	99351	0	0	0	0	0	0	0	0	0	0	0	0	0	0	0	634779	0
LFQ	146	8	0	0	0	0	0	0	0	0	0	0	0	46361	0	0	0	0	0	0	0	0	0	0	0	100507	0	0	0	0	0	0	0	0	0	0	0	0	0	0	0	629015	0
LFQ	147	5	0	0	0	0	0	0	0	0	0	0	0	45909	0	0	0	0	0	0	0	0	0	0	0	99037	0	0	0	0	0	0	0	0	0	0	0	0	0	0	0	627727	0
LFQ	148	0	0	0	0	0	0	0	0	0	0	0	0	48612	0	0	0	0	0	0	0	0	0	0	0	100459	0	0	0	0	0	0	0	0	0	0	0	0	0	0	0	618669	0
LFQ	149	0	0	0	0	0	0	0	0	0	0	0	0	46676	0	0	0	0	0	0	0	0	0	0	0	100730	0	0	0	0	0	0	0	0	0	0	0	0	0	0	0	609414	0
LFQ	150	0	0	0	0	0	0	0	0	0	0	0	0	41775	0	0	0	0	0	0	0	0	0	0	0	93476	0	0	0	0	0	0	0	0	0	0	0	0	0	0	0	579982	0
LFQ	151	0	0	0	0	0	0	0	0	0	0	0	0	39115	0	0	0	0	0	0	0	0	0	0	0	92908	0	0	0	0	0	0	0	0	0	0	0	0	0	0	0	434660	0
# GC Content of first fragments. Use `grep ^GCF | cut -f 2-` to extract this part.
GCF	3.77	0
GCF	8.29	1
GCF	10.30	0
GCF	11.81	1
GCF	12.31	3
GCF	12.81	5
GCF	13.32	11
GCF	13.82	12
GCF	14.57	13
GCF	15.33	21
GCF	15.83	32
GCF	16.33	43
GCF	16.83	60
GCF	17.34	71
GCF	17.84	82
GCF	18.34	150
GCF	18.84	192
GCF	19.35	247
GCF	19.85	386
GCF	20.35	482
GCF	20.85	523
GCF	21.36	769
GCF	21.86	934
GCF	22.36	1217
GCF	22.86	1405
GCF	23.37	1804
GCF	23.87	2311
GCF	24.37	2899
GCF	24.87	3257
GCF	25.38	4075
GCF	25.88	4993
GCF	26.38	6090
GCF	26.88	6730
GCF	27.39	8283
GCF	27.89	9744
GCF	28.39	11315
GCF	28.89	13198
GCF	29.40	14110
GCF	29.90	16633
GCF	30.40	18949
GCF	30.90	21667
GCF	31.41	23024
GCF	31.91	25811
GCF	32.41	29180
GCF	32.91	32855
GCF	33.42	34401
GCF	33.92	38038
GCF	34.42	40828
GCF	34.92	43932
GCF	35.43	45203
GCF	35.93	48497
GCF	36.43	50625
GCF	36.93	51807
GCF	37.44	52608
GCF	37.94	53824
GCF	38.44	54627
GCF	38.94	53901
GCF	39.45	54423
GCF	39.95	53942
GCF	40.45	51883
GCF	40.95	49895
GCF	41.46	48903
GCF	41.96	46111
GCF	42.46	42910
GCF	42.96	39796
GCF	43.47	35296
GCF	43.97	34194
GCF	44.47	30765
GCF	44.97	27720
GCF	45.48	24444
GCF	45.98	23128
GCF	46.48	19719
GCF	46.98	17287
GCF	47.49	14740
GCF	47.99	13859
GCF	48.49	12067
GCF	48.99	10295
GCF	49.50	8871
GCF	50.00	7966
GCF	50.50	6846
GCF	51.01	5742
GCF	51.51	4797
GCF	52.01	4407
GCF	52.51	3942
GCF	53.02	3510
GCF	53.52	3262
GCF	54.02	2989
GCF	54.52	2589
GCF	55.03	2139
GCF	55.53	1890
GCF	56.03	1723
GCF	56.53	1509
GCF	57.04	1223
GCF	57.54	1026
GCF	58.04	862
GCF	58.54	759
GCF	59.05	656
GCF	59.55	584
GCF	60.05	500
GCF	60.55	436
GCF	61.06	387
GCF	61.56	353
GCF	62.06	286
GCF	62.56	236
GCF	63.07	194
GCF	63.57	167
GCF	64.07	151
GCF	64.57	155
GCF	65.08	176
GCF	65.58	154
GCF	66.08	164
GCF	66.58	150
GCF	67.09	113
GCF	67.59	64
GCF	68.09	49
GCF	68.59	37
GCF	69.10	27
GCF	69.60	23
GCF	70.60	12
GCF	71.61	14
GCF	72.11	10
GCF	72.86	8
GCF	73.62	1
GCF	74.62	2
GCF	76.38	0
GCF	77.89	1
GCF	78.64	3
GCF	79.15	2
GCF	79.65	0
GCF	80.15	1
GCF	81.16	0
GCF	82.66	1
GCF	83.67	0
GCF	84.17	1
GCF	84.92	0
GCF	85.68	2
GCF	92.21	0
GCF	98.74	1
# GC Content of last fragments. Use `grep ^GCL | cut -f 2-` to extract this part.
GCL	3.77	0
GCL	8.29	1
GCL	10.30	0
GCL	11.81	1
GCL	12.31	4
GCL	12.81	8
GCL	13.57	11
GCL	14.57	10
GCL	15.33	24
GCL	15.83	31
GCL	16.33	45
GCL	16.83	63
GCL	17.34	71
GCL	17.84	100
GCL	18.34	144
GCL	18.84	186
GCL	19.35	257
GCL	19.85	365
GCL	20.35	445
GCL	20.85	524
GCL	21.36	693
GCL	21.86	884
GCL	22.36	1204
GCL	22.86	1410
GCL	23.37	1841
GCL	23.87	2364
GCL	24.37	2791
GCL	24.87	3152
GCL	25.38	4001
GCL	25.88	4850
GCL	26.38	5979
GCL	26.88	6652
GCL	27.39	8323
GCL	27.89	9748
GCL	28.39	11216
GCL	28.89	13146
GCL	29.40	14173
GCL	29.90	16288
GCL	30.40	18818
GCL	30.90	21277
GCL	31.41	22612
GCL	31.91	25910
GCL	32.41	29163
GCL	32.91	32477
GCL	33.42	33993
GCL	33.92	37839
GCL	34.42	40574
GCL	34.92	43711
GCL	35.43	45370
GCL	35.93	48132
GCL	36.43	50607
GCL	36.93	52012
GCL	37.44	52813
GCL	37.94	53379
GCL	38.44	54303
GCL	38.94	53684
GCL	39.45	54267
GCL	39.95	53948
GCL	40.45	51478
GCL	40.95	49654
GCL	41.46	48497
GCL	41.96	45822
GCL	42.46	42693
GCL	42.96	39505
GCL	43.47	35453
GCL	43.97	34419
GCL	44.47	30986
GCL	44.97	28112
GCL	45.48	24619
GCL	45.98	23403
GCL	46.48	19951
GCL	46.98	17694
GCL	47.49	15232
GCL	47.99	14261
GCL	48.49	11990
GCL	48.99	10305
GCL	49.50	8874
GCL	50.00	7922
GCL	50.50	6823
GCL	51.01	5803
GCL	51.51	4994
GCL	52.01	4602
GCL	52.51	4025
GCL	53.02	3598
GCL	53.52	3275
GCL	54.02	3024
GCL	54.52	2577
GCL	55.03	2221
GCL	55.53	1990
GCL	56.03	1781
GCL	56.53	1481
GCL	57.04	1248
GCL	57.54	1036
GCL	58.04	879
GCL	58.54	807
GCL	59.05	719
GCL	59.55	589
GCL	60.05	496
GCL	60.55	442
GCL	61.06	402
GCL	61.56	340
GCL	62.06	310
GCL	62.56	255
GCL	63.07	211
GCL	63.57	181
GCL	64.07	168
GCL	64.57	153
GCL	65.08	165
GCL	65.58	154
GCL	66.08	173
GCL	66.58	155
GCL	67.09	118
GCL	67.59	77
GCL	68.09	58
GCL	68.59	46
GCL	69.10	41
GCL	69.60	38
GCL	70.35	27
GCL	71.11	17
GCL	71.61	25
GCL	72.11	26
GCL	72.61	19
GCL	73.12	20
GCL	73.62	18
GCL	74.12	23
GCL	74.62	16
GCL	75.13	15
GCL	75.63	13
GCL	76.13	21
GCL	76.63	18
GCL	77.14	22
GCL	77.64	20
GCL	78.14	16
GCL	78.64	14
GCL	79.15	18
GCL	79.65	12
GCL	80.15	14
GCL	80.90	10
GCL	81.66	17
GCL	82.16	23
GCL	82.91	19
GCL	83.67	14
GCL	84.17	16
GCL	85.18	13
GCL	86.18	14
GCL	86.68	24
GCL	87.19	17
GCL	87.69	16
GCL	88.19	12
GCL	88.69	19
GCL	89.20	17
GCL	89.70	16
GCL	90.45	14
GCL	91.21	22
GCL	91.71	23
GCL	92.21	18
GCL	92.71	16
GCL	93.47	15
GCL	94.22	22
GCL	94.72	19
GCL	95.48	25
GCL	96.23	28
GCL	96.73	33
GCL	97.49	56
GCL	98.24	65
GCL	98.74	83
GCL	99.50	178
# ACGT content per cycle. Use `grep ^GCC | cut -f 2-` to extract this part. The columns are: cycle; A,C,G,T base counts as a percentage of all A/C/G/T bases [%]; and N and O counts as a percentage of all A/C/G/T bases [%]
GCC	1	19.09	30.07	32.49	18.35	0.00	0.00
GCC	2	31.55	18.15	19.83	30.47	0.01	0.00
GCC	3	31.24	18.38	19.91	30.47	0.00	0.00
GCC	4	31.88	17.60	18.71	31.81	0.00	0.00
GCC	5	40.39	9.27	10.45	39.90	0.00	0.00
GCC	6	32.41	17.21	18.66	31.72	0.00	0.00
GCC	7	31.21	18.42	20.06	30.31	0.00	0.00
GCC	8	31.84	18.05	19.77	30.33	0.00	0.00
GCC	9	20.95	28.45	30.27	20.33	0.00	0.00
GCC	10	33.59	16.41	17.91	32.08	0.00	0.00
GCC	11	26.98	22.63	24.44	25.96	0.00	0.00
GCC	12	31.07	18.93	20.24	29.77	0.00	0.00
GCC	13	26.88	22.61	24.65	25.87	0.00	0.00
GCC	14	27.14	22.70	24.10	26.06	0.00	0.00
GCC	15	29.47	20.27	21.99	28.27	0.00	0.00
GCC	16	31.68	18.19	19.80	30.33	0.00	0.00
GCC	17	32.78	17.29	18.64	31.28	0.00	0.00
GCC	18	32.70	17.32	18.75	31.23	0.00	0.00
GCC	19	32.28	17.75	19.24	30.73	0.00	0.00
GCC	20	31.98	18.12	19.48	30.42	0.00	0.00
GCC	21	31.61	18.34	19.89	30.16	0.00	0.00
GCC	22	31.23	18.74	20.33	29.70	0.00	0.00
GCC	23	31.48	18.53	20.01	29.98	0.00	0.00
GCC	24	31.43	18.47	19.92	30.17	0.00	0.00
GCC	25	31.53	18.39	20.00	30.08	0.00	0.00
GCC	26	31.90	18.09	19.43	30.58	0.00	0.00
GCC	27	31.80	18.10	19.67	30.43	0.00	0.00
GCC	28	31.87	18.16	19.71	30.27	0.00	0.00
GCC	29	31.79	18.09	19.60	30.51	0.00	0.00
GCC	30	31.76	18.36	19.77	30.11	0.00	0.00
GCC	31	31.50	18.58	20.00	29.92	0.00	0.00
GCC	32	31.53	18.54	19.91	30.02	0.00	0.00
GCC	33	31.56	18.48	19.94	30.02	0.00	0.00
GCC	34	31.42	18.61	20.07	29.90	0.00	0.00
GCC	35	31.73	18.21	19.73	30.33	0.00	0.00
GCC	36	31.78	18.39	19.79	30.04	0.00	0.00
GCC	37	31.70	18.28	19.88	30.14	0.00	0.00
GCC	38	31.94	18.10	19.51	30.44	0.00	0.00
GCC	39	31.89	18.19	19.63	30.30	0.00	0.00
GCC	40	31.64	18.41	19.86	30.09	0.00	0.00
GCC	41	31.94	18.25	19.62	30.19	0.00	0.00
GCC	42	31.73	18.32	19.89	30.06	0.00	0.00
GCC	43	31.45	18.56	20.13	29.87	0.00	0.00
GCC	44	31.74	18.41	19.84	30.02	0.00	0.00
GCC	45	31.63	18.41	19.88	30.08	0.00	0.00
GCC	46	31.72	18.44	19.88	29.95	0.00	0.00
GCC	47	31.91	18.18	19.58	30.33	0.00	0.00
GCC	48	31.78	18.08	19.79	30.35	0.00	0.00
GCC	49	31.71	18.35	19.77	30.17	0.00	0.00
GCC	50	32.06	18.08	19.43	30.43	0.00	0.00
GCC	51	31.90	18.17	19.75	30.18	0.00	0.00
GCC	52	31.62	18.42	19.98	29.98	0.00	0.00
GCC	53	31.69	18.28	19.78	30.24	0.00	0.00
GCC	54	31.60	18.44	19.86	30.10	0.00	0.00
GCC	55	31.56	18.54	20.08	29.81	0.00	0.00
GCC	56	31.68	18.41	19.72	30.19	0.00	0.00
GCC	57	31.72	18.37	19.83	30.08	0.00	0.00
GCC	58	31.76	18.35	19.82	30.07	0.00	0.00
GCC	59	31.96	18.15	19.47	30.43	0.00	0.00
GCC	60	31.90	18.22	19.67	30.21	0.00	0.00
GCC	61	31.75	18.26	19.87	30.12	0.00	0.00
GCC	62	31.94	18.07	19.63	30.36	0.00	0.00
GCC	63	31.67	18.31	19.85	30.17	0.00	0.00
GCC	64	31.51	18.48	20.04	29.98	0.00	0.00
GCC	65	31.67	18.33	19.81	30.18	0.00	0.00
GCC	66	31.69	18.45	19.88	29.98	0.00	0.00
GCC	67	31.59	18.42	20.05	29.94	0.00	0.00
GCC	68	31.84	18.22	19.64	30.30	0.00	0.00
GCC	69	31.77	18.36	19.76	30.11	0.00	0.00
GCC	70	31.85	18.24	19.78	30.14	0.00	0.00
GCC	71	31.90	18.16	19.55	30.39	0.00	0.00
GCC	72	31.79	18.21	19.69	30.32	0.00	0.00
GCC	73	31.66	18.42	19.87	30.05	0.00	0.00
GCC	74	31.91	18.24	19.65	30.20	0.00	0.00
GCC	75	31.64	18.41	19.86	30.09	0.00	0.00
GCC	76	31.52	18.56	19.97	29.95	0.00	0.00
GCC	77	31.85	18.30	19.75	30.10	0.00	0.00
GCC	78	31.76	18.41	19.86	29.98	0.00	0.00
GCC	79	31.65	18.51	19.94	29.90	0.00	0.00
GCC	80	31.89	18.08	19.67	30.36	0.00	0.00
GCC	81	31.77	18.29	19.71	30.23	0.00	0.00
GCC	82	31.59	18.32	19.94	30.15	0.00	0.00
GCC	83	31.90	18.16	19.61	30.33	0.00	0.00
GCC	84	31.73	18.34	19.70	30.23	0.00	0.00
GCC	85	31.67	18.37	19.90	30.06	0.00	0.00
GCC	86	31.71	18.28	19.72	30.29	0.00	0.00
GCC	87	31.62	18.47	19.88	30.03	0.00	0.00
GCC	88	31.54	18.60	20.04	29.82	0.00	0.00
GCC	89	31.68	18.36	19.84	30.12	0.00	0.00
GCC	90	31.69	18.39	19.86	30.06	0.00	0.00
GCC	91	31.58	18.34	20.03	30.05	0.00	0.00
GCC	92	31.84	18.23	19.69	30.25	0.00	0.00
GCC	93	31.77	18.35	19.74	30.14	0.00	0.00
GCC	94	31.59	18.40	19.84	30.17	0.00	0.00
GCC	95	31.78	18.28	19.70	30.24	0.00	0.00
GCC	96	31.62	18.36	19.88	30.15	0.00	0.00
GCC	97	31.58	18.45	19.91	30.06	0.00	0.00
GCC	98	31.77	18.31	19.76	30.16	0.00	0.00
GCC	99	31.63	18.38	19.81	30.18	0.00	0.00
GCC	100	31.53	18.44	20.01	30.02	0.00	0.00
GCC	101	31.67	18.23	19.85	30.25	0.00	0.00
GCC	102	31.71	18.34	19.76	30.19	0.00	0.00
GCC	103	31.50	18.49	20.08	29.93	0.00	0.00
GCC	104	31.94	18.09	19.54	30.43	0.00	0.00
GCC	105	31.76	18.37	19.66	30.21	0.00	0.00
GCC	106	31.61	18.41	19.90	30.08	0.00	0.00
GCC	107	31.68	18.36	19.72	30.25	0.00	0.00
GCC	108	31.70	18.39	19.81	30.11	0.00	0.00
GCC	109	31.49	18.51	20.05	29.95	0.00	0.00
GCC	110	31.64	18.34	19.86	30.17	0.00	0.00
GCC	111	31.63	18.29	19.87	30.22	0.00	0.00
GCC	112	31.54	18.44	19.98	30.04	0.00	0.00
GCC	113	31.60	18.38	19.84	30.18	0.00	0.00
GCC	114	31.67	18.43	19.89	30.00	0.00	0.00
GCC	115	31.58	18.50	19.90	30.02	0.00	0.00
GCC	116	31.74	18.16	19.76	30.34	0.00	0.00
GCC	117	31.55	18.36	19.96	30.13	0.00	0.00
GCC	118	31.57	18.43	20.10	29.90	0.00	0.00
GCC	119	31.75	18.31	19.74	30.21	0.00	0.00
GCC	120	31.68	18.44	20.00	29.89	0.00	0.00
GCC	121	31.52	18.50	20.00	29.97	0.00	0.00
GCC	122	31.82	18.26	19.72	30.19	0.00	0.00
GCC	123	31.60	18.43	19.78	30.18	0.00	0.00
GCC	124	31.35	18.66	20.08	29.90	0.00	0.00
GCC	125	31.80	18.20	19.74	30.26	0.00	0.00
GCC	126	31.66	18.23	19.85	30.26	0.00	0.00
GCC	127	31.62	18.35	19.92	30.11	0.00	0.00
GCC	128	31.65	18.34	19.86	30.16	0.00	0.00
GCC	129	31.69	18.30	19.80	30.21	0.00	0.00
GCC	130	31.72	18.44	19.93	29.92	0.00	0.00
GCC	131	31.77	18.32	19.76	30.15	0.00	0.00
GCC	132	31.61	18.34	19.79	30.26	0.00	0.00
GCC	133	31.59	18.39	20.02	30.00	0.00	0.00
GCC	134	31.80	18.29	19.75	30.15	0.00	0.00
GCC	135	31.61	18.37	19.90	30.12	0.00	0.00
GCC	136	31.48	18.51	20.04	29.98	0.00	0.00
GCC	137	31.65	18.47	19.74	30.14	1.25	0.00
GCC	138	31.72	18.28	19.86	30.14	0.00	0.00
GCC	139	31.50	18.50	20.00	30.00	0.00	0.00
GCC	140	31.76	18.22	19.81	30.20	0.00	0.00
GCC	141	31.61	18.51	19.88	30.00	0.00	0.00
GCC	142	31.63	18.51	19.95	29.91	0.00	0.00
GCC	143	31.79	18.34	19.76	30.11	0.00	0.00
GCC	144	31.87	18.33	19.73	30.06	0.00	0.00
GCC	145	31.59	18.39	19.96	30.06	0.00	0.00
GCC	146	31.76	18.30	19.74	30.21	0.00	0.00
GCC	147	31.78	18.31	19.71	30.20	0.00	0.00
GCC	148	31.50	18.50	19.93	30.06	0.00	0.00
GCC	149	31.89	18.02	19.54	30.54	0.00	0.00
GCC	150	33.35	16.90	18.30	31.45	0.00	0.00
GCC	151	38.63	11.65	12.94	36.78	0.00	0.00
# ACGT content per cycle for first fragments. Use `grep ^FBC | cut -f 2-` to extract this part. The columns are: cycle; A,C,G,T base counts as a percentage of all A/C/G/T bases [%]; and N and O counts as a percentage of all A/C/G/T bases [%]
FBC	1	19.15	30.05	32.35	18.45	0.00	0.00
FBC	2	31.59	18.13	19.78	30.49	0.01	0.00
FBC	3	31.28	18.46	19.86	30.40	0.00	0.00
FBC	4	31.95	17.58	18.62	31.85	0.00	0.00
FBC	5	40.45	9.26	10.36	39.94	0.00	0.00
FBC	6	32.32	17.32	18.60	31.76	0.00	0.00
FBC	7	31.22	18.46	19.96	30.35	0.00	0.00
FBC	8	31.84	18.09	19.71	30.36	0.00	0.00
FBC	9	20.97	28.47	30.17	20.39	0.00	0.00
FBC	10	33.68	16.41	17.78	32.13	0.00	0.00
FBC	11	26.96	22.70	24.35	25.99	0.00	0.00
FBC	12	31.13	18.96	20.14	29.77	0.00	0.00
FBC	13	26.87	22.62	24.59	25.92	0.00	0.00
FBC	14	27.20	22.63	24.04	26.12	0.00	0.00
FBC	15	29.50	20.30	21.88	28.32	0.00	0.00
FBC	16	31.73	18.21	19.66	30.40	0.00	0.00
FBC	17	32.79	17.32	18.51	31.38	0.00	0.00
FBC	18	32.75	17.30	18.65	31.31	0.00	0.00
FBC	19	32.38	17.74	19.10	30.79	0.00	0.00
FBC	20	31.96	18.16	19.43	30.45	0.00	0.00
FBC	21	31.60	18.43	19.78	30.20	0.00	0.00
FBC	22	31.28	18.69	20.28	29.75	0.00	0.00
FBC	23	31.50	18.59	19.91	30.01	0.00	0.00
FBC	24	31.46	18.48	19.82	30.24	0.00	0.00
FBC	25	31.60	18.42	19.88	30.10	0.00	0.00
FBC	26	31.92	18.10	19.38	30.60	0.00	0.00
FBC	27	31.88	18.12	19.54	30.46	0.00	0.00
FBC	28	31.89	18.18	19.56	30.36	0.00	0.00
FBC	29	31.84	18.08	19.52	30.55	0.00	0.00
FBC	30	31.82	18.37	19.65	30.15	0.00	0.00
FBC	31	31.52	18.61	19.92	29.96	0.00	0.00
FBC	32	31.50	18.68	19.88	29.94	0.00	0.00
FBC	33	31.54	18.50	19.90	30.07	0.00	0.00
FBC	34	31.42	18.64	19.98	29.96	0.00	0.00
FBC	35	31.74	18.24	19.64	30.38	0.00	0.00
FBC	36	31.74	18.49	19.78	29.99	0.01	0.00
FBC	37	31.72	18.28	19.84	30.17	0.00	0.00
FBC	38	32.01	18.08	19.46	30.45	0.00	0.00
FBC	39	31.97	18.14	19.55	30.34	0.00	0.00
FBC	40	31.64	18.41	19.78	30.16	0.00	0.00
FBC	41	31.97	18.24	19.57	30.22	0.00	0.00
FBC	42	31.74	18.31	19.83	30.12	0.00	0.00
FBC	43	31.44	18.66	20.02	29.88	0.00	0.00
FBC	44	31.81	18.45	19.73	30.00	0.00	0.00
FBC	45	31.74	18.38	19.76	30.13	0.00	0.00
FBC	46	31.77	18.51	19.76	29.96	0.00	0.00
FBC	47	31.89	18.21	19.56	30.34	0.00	0.00
FBC	48	31.83	18.10	19.69	30.38	0.00	0.00
FBC	49	31.71	18.38	19.71	30.20	0.00	0.00
FBC	50	32.07	18.14	19.29	30.50	0.00	0.00
FBC	51	31.85	18.22	19.69	30.23	0.00	0.00
FBC	52	31.62	18.45	19.94	29.99	0.00	0.00
FBC	53	31.73	18.31	19.68	30.29	0.00	0.00
FBC	54	31.62	18.46	19.81	30.11	0.00	0.00
FBC	55	31.63	18.54	19.95	29.88	0.00	0.00
FBC	56	31.72	18.41	19.67	30.21	0.00	0.00
FBC	57	31.75	18.37	19.78	30.10	0.00	0.00
FBC	58	31.83	18.35	19.71	30.11	0.00	0.00
FBC	59	32.00	18.18	19.41	30.41	0.00	0.00
FBC	60	31.93	18.27	19.55	30.24	0.00	0.00
FBC	61	31.81	18.28	19.82	30.10	0.00	0.00
FBC	62	32.01	18.12	19.50	30.36	0.00	0.00
FBC	63	31.68	18.32	19.79	30.21	0.00	0.00
FBC	64	31.54	18.50	19.93	30.03	0.00	0.00
FBC	65	31.68	18.36	19.74	30.21	0.00	0.00
FBC	66	31.73	18.48	19.75	30.04	0.00	0.00
FBC	67	31.58	18.41	19.98	30.04	0.00	0.00
FBC	68	31.94	18.21	19.51	30.35	0.00	0.00
FBC	69	31.80	18.38	19.73	30.09	0.00	0.00
FBC	70	31.91	18.27	19.64	30.18	0.00	0.00
FBC	71	31.94	18.09	19.49	30.48	0.00	0.00
FBC	72	31.84	18.27	19.59	30.31	0.00	0.00
FBC	73	31.71	18.50	19.79	30.00	0.00	0.00
FBC	74	31.91	18.24	19.62	30.24	0.00	0.00
FBC	75	31.66	18.43	19.77	30.13	0.00	0.00
FBC	76	31.53	18.59	19.90	29.97	0.00	0.00
FBC	77	31.89	18.26	19.69	30.16	0.00	0.00
FBC	78	31.81	18.38	19.76	30.05	0.00	0.00
FBC	79	31.75	18.48	19.84	29.93	0.00	0.00
FBC	80	31.91	18.09	19.63	30.36	0.00	0.00
FBC	81	31.84	18.29	19.63	30.24	0.00	0.00
FBC	82	31.64	18.35	19.82	30.20	0.00	0.00
FBC	83	31.92	18.18	19.59	30.31	0.00	0.00
FBC	84	31.72	18.41	19.59	30.28	0.00	0.00
FBC	85	31.66	18.39	19.80	30.15	0.00	0.00
FBC	86	31.70	18.31	19.65	30.33	0.00	0.00
FBC	87	31.64	18.57	19.79	30.00	0.00	0.00
FBC	88	31.53	18.59	19.97	29.91	0.00	0.00
FBC	89	31.75	18.42	19.74	30.09	0.00	0.00
FBC	90	31.77	18.33	19.78	30.12	0.00	0.00
FBC	91	31.62	18.37	19.95	30.06	0.00	0.00
FBC	92	31.87	18.31	19.56	30.26	0.00	0.00
FBC	93	31.89	18.31	19.62	30.18	0.00	0.00
FBC	94	31.70	18.43	19.70	30.16	0.00	0.00
FBC	95	31.83	18.29	19.63	30.25	0.00	0.00
FBC	96	31.73	18.28	19.74	30.25	0.00	0.00
FBC	97	31.59	18.48	19.84	30.09	0.00	0.00
FBC	98	31.83	18.29	19.65	30.24	0.00	0.00
FBC	99	31.65	18.39	19.66	30.29	0.00	0.00
FBC	100	31.52	18.42	19.99	30.07	0.00	0.00
FBC	101	31.75	18.23	19.75	30.28	0.00	0.00
FBC	102	31.78	18.35	19.64	30.24	0.00	0.00
FBC	103	31.69	18.38	19.79	30.14	0.00	0.00
FBC	104	31.96	18.08	19.44	30.53	0.00	0.00
FBC	105	31.82	18.31	19.58	30.28	0.00	0.00
FBC	106	31.66	18.36	19.83	30.16	0.00	0.00
FBC	107	31.70	18.36	19.65	30.29	0.00	0.00
FBC	108	31.72	18.40	19.76	30.12	0.00	0.00
FBC	109	31.52	18.55	19.96	29.98	0.00	0.00
FBC	110	31.63	18.40	19.83	30.14	0.00	0.00
FBC	111	31.73	18.25	19.80	30.22	0.00	0.00
FBC	112	31.56	18.44	19.94	30.06	0.00	0.00
FBC	113	31.62	18.46	19.80	30.12	0.00	0.00
FBC	114	31.83	18.34	19.79	30.04	0.00	0.00
FBC	115	31.64	18.56	19.84	29.96	0.00	0.00
FBC	116	31.72	18.20	19.72	30.36	0.00	0.00
FBC	117	31.52	18.41	19.95	30.12	0.00	0.00
FBC	118	31.63	18.32	19.98	30.07	0.00	0.00
FBC	119	31.76	18.29	19.69	30.27	0.00	0.00
FBC	120	31.76	18.35	19.81	30.08	0.00	0.00
FBC	121	31.49	18.53	19.94	30.03	0.00	0.00
FBC	122	31.83	18.26	19.71	30.20	0.00	0.00
FBC	123	31.62	18.45	19.77	30.16	0.00	0.00
FBC	124	31.50	18.52	19.91	30.07	0.00	0.00
FBC	125	31.83	18.16	19.63	30.37	0.00	0.00
FBC	126	31.68	18.22	19.75	30.35	0.00	0.00
FBC	127	31.61	18.38	19.91	30.10	0.00	0.00
FBC	128	31.74	18.28	19.70	30.28	0.00	0.00
FBC	129	31.75	18.29	19.72	30.25	0.00	0.00
FBC	130	31.79	18.46	19.85	29.90	0.00	0.00
FBC	131	31.78	18.29	19.65	30.28	0.00	0.00
FBC	132	31.71	18.33	19.66	30.29	0.00	0.00
FBC	133	31.69	18.42	19.88	30.00	0.00	0.00
FBC	134	31.85	18.30	19.67	30.18	0.00	0.00
FBC	135	31.67	18.30	19.86	30.17	0.00	0.00
FBC	136	31.49	18.54	19.99	29.98	0.00	0.00
FBC	137	31.83	18.36	19.58	30.24	2.53	0.00
FBC	138	31.85	18.21	19.76	30.17	0.00	0.00
FBC	139	31.56	18.45	19.90	30.08	0.00	0.00
FBC	140	31.86	18.22	19.73	30.19	0.00	0.00
FBC	141	31.65	18.45	19.81	30.09	0.00	0.00
FBC	142	31.70	18.42	19.81	30.07	0.00	0.00
FBC	143	31.82	18.31	19.71	30.16	0.00	0.00
FBC	144	31.95	18.28	19.66	30.11	0.00	0.00
FBC	145	31.66	18.38	19.90	30.06	0.00	0.00
FBC	146	31.79	18.28	19.67	30.27	0.00	0.00
FBC	147	31.86	18.28	19.65	30.21	0.00	0.00
FBC	148	31.54	18.40	19.85	30.21	0.00	0.00
FBC	149	31.96	17.99	19.48	30.57	0.00	0.00
FBC	150	33.48	16.90	18.19	31.43	0.00	0.00
FBC	151	38.76	11.67	12.74	36.83	0.00	0.00
# ACGT content per cycle for last fragments. Use `grep ^LBC | cut -f 2-` to extract this part. The columns are: cycle; A,C,G,T base counts as a percentage of all A/C/G/T bases [%]; and N and O counts as a percentage of all A/C/G/T bases [%]
LBC	1	19.04	30.08	32.63	18.26	0.00	0.00
LBC	2	31.50	18.16	19.89	30.45	0.01	0.00
LBC	3	31.21	18.29	19.97	30.53	0.00	0.00
LBC	4	31.81	17.63	18.80	31.77	0.00	0.00
LBC	5	40.33	9.28	10.54	39.86	0.00	0.00
LBC	6	32.51	17.09	18.72	31.67	0.00	0.00
LBC	7	31.19	18.38	20.15	30.28	0.00	0.00
LBC	8	31.84	18.02	19.84	30.30	0.00	0.00
LBC	9	20.93	28.42	30.38	20.27	0.00	0.00
LBC	10	33.50	16.42	18.05	32.04	0.00	0.00
LBC	11	27.00	22.55	24.53	25.92	0.00	0.00
LBC	12	31.01	18.89	20.33	29.77	0.00	0.00
LBC	13	26.89	22.59	24.70	25.82	0.00	0.00
LBC	14	27.08	22.77	24.16	25.99	0.00	0.00
LBC	15	29.43	20.25	22.10	28.23	0.00	0.00
LBC	16	31.63	18.16	19.94	30.26	0.00	0.00
LBC	17	32.78	17.27	18.77	31.19	0.00	0.00
LBC	18	32.65	17.35	18.86	31.15	0.00	0.00
LBC	19	32.19	17.75	19.39	30.67	0.00	0.00
LBC	20	32.00	18.08	19.53	30.39	0.00	0.00
LBC	21	31.62	18.25	20.00	30.12	0.00	0.00
LBC	22	31.19	18.78	20.37	29.65	0.00	0.00
LBC	23	31.46	18.47	20.12	29.95	0.00	0.00
LBC	24	31.41	18.47	20.02	30.10	0.00	0.00
LBC	25	31.46	18.36	20.11	30.07	0.00	0.00
LBC	26	31.88	18.08	19.49	30.56	0.00	0.00
LBC	27	31.73	18.08	19.80	30.40	0.00	0.00
LBC	28	31.85	18.13	19.85	30.17	0.00	0.00
LBC	29	31.75	18.10	19.68	30.47	0.00	0.00
LBC	30	31.70	18.35	19.88	30.07	0.00	0.00
LBC	31	31.48	18.56	20.09	29.88	0.00	0.00
LBC	32	31.55	18.41	19.94	30.10	0.00	0.00
LBC	33	31.59	18.46	19.98	29.98	0.00	0.00
LBC	34	31.42	18.57	20.16	29.85	0.00	0.00
LBC	35	31.73	18.18	19.82	30.28	0.00	0.00
LBC	36	31.83	18.28	19.80	30.09	0.00	0.00
LBC	37	31.69	18.28	19.93	30.11	0.00	0.00
LBC	38	31.87	18.13	19.56	30.44	0.00	0.00
LBC	39	31.81	18.23	19.70	30.26	0.00	0.00
LBC	40	31.63	18.41	19.94	30.02	0.00	0.00
LBC	41	31.90	18.26	19.67	30.17	0.00	0.00
LBC	42	31.71	18.34	19.95	30.00	0.00	0.00
LBC	43	31.46	18.45	20.23	29.86	0.00	0.00
LBC	44	31.67	18.36	19.94	30.03	0.00	0.00
LBC	45	31.52	18.44	20.01	30.03	0.00	0.00
LBC	46	31.68	18.37	20.00	29.94	0.00	0.00
LBC	47	31.92	18.15	19.59	30.33	0.00	0.00
LBC	48	31.74	18.05	19.88	30.33	0.00	0.00
LBC	49	31.71	18.32	19.84	30.14	0.00	0.00
LBC	50	32.04	18.02	19.58	30.36	0.00	0.00
LBC	51	31.95	18.11	19.82	30.12	0.00	0.00
LBC	52	31.61	18.39	20.02	29.98	0.00	0.00
LBC	53	31.66	18.26	19.89	30.19	0.00	0.00
LBC	54	31.59	18.42	19.91	30.08	0.00	0.00
LBC	55	31.49	18.55	20.21	29.75	0.00	0.00
LBC	56	31.65	18.41	19.77	30.16	0.00	0.00
LBC	57	31.69	18.37	19.88	30.07	0.00	0.00
LBC	58	31.70	18.35	19.94	30.02	0.00	0.00
LBC	59	31.92	18.12	19.52	30.45	0.00	0.00
LBC	60	31.87	18.17	19.79	30.18	0.00	0.00
LBC	61	31.69	18.24	19.92	30.15	0.00	0.00
LBC	62	31.86	18.02	19.76	30.36	0.00	0.00
LBC	63	31.66	18.30	19.92	30.12	0.00	0.00
LBC	64	31.47	18.45	20.14	29.94	0.00	0.00
LBC	65	31.66	18.31	19.88	30.15	0.00	0.00
LBC	66	31.65	18.42	20.01	29.92	0.00	0.00
LBC	67	31.60	18.44	20.12	29.84	0.00	0.00
LBC	68	31.74	18.24	19.77	30.25	0.00	0.00
LBC	69	31.73	18.34	19.80	30.12	0.00	0.00
LBC	70	31.78	18.22	19.91	30.09	0.00	0.00
LBC	71	31.86	18.23	19.60	30.30	0.00	0.00
LBC	72	31.73	18.15	19.78	30.33	0.00	0.00
LBC	73	31.60	18.34	19.96	30.10	0.00	0.00
LBC	74	31.90	18.24	19.69	30.17	0.00	0.00
LBC	75	31.61	18.39	19.94	30.05	0.00	0.00
LBC	76	31.51	18.54	20.04	29.92	0.00	0.00
LBC	77	31.81	18.34	19.80	30.04	0.00	0.00
LBC	78	31.70	18.43	19.96	29.91	0.00	0.00
LBC	79	31.55	18.54	20.04	29.88	0.00	0.00
LBC	80	31.87	18.06	19.71	30.36	0.00	0.00
LBC	81	31.71	18.29	19.79	30.21	0.00	0.00
LBC	82	31.55	18.30	20.05	30.10	0.00	0.00
LBC	83	31.88	18.14	19.63	30.35	0.00	0.00
LBC	84	31.73	18.28	19.81	30.18	0.00	0.00
LBC	85	31.68	18.36	20.00	29.97	0.00	0.00
LBC	86	31.72	18.25	19.79	30.24	0.00	0.00
LBC	87	31.60	18.37	19.97	30.07	0.00	0.00
LBC	88	31.55	18.61	20.12	29.73	0.00	0.00
LBC	89	31.61	18.30	19.94	30.15	0.00	0.00
LBC	90	31.62	18.45	19.94	29.99	0.00	0.00
LBC	91	31.53	18.32	20.11	30.04	0.00	0.00
LBC	92	31.81	18.15	19.82	30.23	0.00	0.00
LBC	93	31.64	18.39	19.86	30.11	0.00	0.00
LBC	94	31.49	18.37	19.97	30.17	0.00	0.00
LBC	95	31.74	18.26	19.78	30.22	0.00	0.00
LBC	96	31.50	18.43	20.02	30.05	0.00	0.00
LBC	97	31.57	18.42	19.99	30.02	0.00	0.00
LBC	98	31.72	18.33	19.87	30.07	0.00	0.00
LBC	99	31.60	18.37	19.96	30.07	0.00	0.00
LBC	100	31.53	18.46	20.03	29.98	0.00	0.00
LBC	101	31.59	18.22	19.96	30.22	0.00	0.00
LBC	102	31.63	18.34	19.89	30.13	0.00	0.00
LBC	103	31.31	18.61	20.37	29.71	0.00	0.00
LBC	104	31.92	18.10	19.64	30.34	0.00	0.00
LBC	105	31.70	18.43	19.73	30.14	0.00	0.00
LBC	106	31.55	18.46	19.98	30.01	0.00	0.00
LBC	107	31.65	18.36	19.78	30.21	0.00	0.00
LBC	108	31.68	18.38	19.85	30.10	0.00	0.00
LBC	109	31.46	18.48	20.13	29.93	0.00	0.00
LBC	110	31.64	18.28	19.88	30.20	0.00	0.00
LBC	111	31.52	18.34	19.93	30.21	0.00	0.00
LBC	112	31.52	18.44	20.01	30.03	0.00	0.00
LBC	113	31.59	18.30	19.88	30.23	0.00	0.00
LBC	114	31.52	18.51	20.00	29.97	0.00	0.00
LBC	115	31.51	18.44	19.97	30.09	0.00	0.00
LBC	116	31.76	18.12	19.81	30.32	0.00	0.00
LBC	117	31.58	18.31	19.97	30.13	0.00	0.00
LBC	118	31.52	18.54	20.21	29.74	0.00	0.00
LBC	119	31.74	18.33	19.78	30.15	0.00	0.00
LBC	120	31.59	18.53	20.18	29.70	0.00	0.00
LBC	121	31.55	18.47	20.07	29.91	0.00	0.00
LBC	122	31.82	18.26	19.73	30.19	0.00	0.00
LBC	123	31.59	18.41	19.80	30.20	0.00	0.00
LBC	124	31.20	18.81	20.25	29.73	0.00	0.00
LBC	125	31.78	18.23	19.84	30.15	0.00	0.00
LBC	126	31.65	18.24	19.94	30.17	0.00	0.00
LBC	127	31.63	18.32	19.93	30.12	0.00	0.00
LBC	128	31.55	18.39	20.02	30.03	0.00	0.00
LBC	129	31.64	18.31	19.89	30.16	0.00	0.00
LBC	130	31.64	18.42	20.01	29.93	0.00	0.00
LBC	131	31.76	18.34	19.87	30.03	0.00	0.00
LBC	132	31.52	18.36	19.91	30.22	0.00	0.00
LBC	133	31.49	18.36	20.16	29.99	0.00	0.00
LBC	134	31.76	18.28	19.84	30.12	0.00	0.00
LBC	135	31.55	18.45	19.93	30.07	0.00	0.00
LBC	136	31.46	18.48	20.08	29.97	0.00	0.00
LBC	137	31.48	18.57	19.90	30.05	0.00	0.00
LBC	138	31.58	18.35	19.96	30.11	0.00	0.00
LBC	139	31.43	18.55	20.09	29.93	0.00	0.00
LBC	140	31.67	18.21	19.90	30.22	0.00	0.00
LBC	141	31.57	18.58	19.95	29.91	0.00	0.00
LBC	142	31.57	18.60	20.08	29.75	0.00	0.00
LBC	143	31.77	18.36	19.81	30.06	0.00	0.00
LBC	144	31.80	18.39	19.81	30.01	0.00	0.00
LBC	145	31.53	18.40	20.01	30.05	0.00	0.00
LBC	146	31.72	18.32	19.81	30.15	0.00	0.00
LBC	147	31.69	18.34	19.78	30.18	0.00	0.00
LBC	148	31.46	18.61	20.01	29.92	0.00	0.00
LBC	149	31.83	18.06	19.61	30.50	0.00	0.00
LBC	150	33.22	16.91	18.41	31.46	0.00	0.00
LBC	151	38.50	11.62	13.14	36.74	0.00	0.00
# Insert sizes. Use `grep ^IS | cut -f 2-` to extract this part. The columns are: insert size, pairs total, inward oriented pairs, outward oriented pairs, other pairs
IS	0	0	0	0	0
IS	1	0	0	0	0
IS	2	1	0	1	0
IS	3	0	0	0	0
IS	4	0	0	0	0
IS	5	0	0	0	0
IS	6	1	0	1	0
IS	7	0	0	0	0
IS	8	0	0	0	0
IS	9	0	0	0	0
IS	10	0	0	0	0
IS	11	1	0	1	0
IS	12	0	0	0	0
IS	13	0	0	0	0
IS	14	1	0	1	0
IS	15	0	0	0	0
IS	16	0	0	0	0
IS	17	1	0	1	0
IS	18	0	0	0	0
IS	19	0	0	0	0
IS	20	0	0	0	0
IS	21	0	0	0	0
IS	22	1	0	1	0
IS	23	1	0	1	0
IS	24	1	0	1	0
IS	25	0	0	0	0
IS	26	0	0	0	0
IS	27	1	0	1	0
IS	28	1	0	1	0
IS	29	0	0	0	0
IS	30	3	0	3	0
IS	31	3	0	3	0
IS	32	71	31	40	0
IS	33	199	78	121	0
IS	34	372	178	194	0
IS	35	521	285	236	0
IS	36	449	218	231	0
IS	37	311	157	154	0
IS	38	338	156	182	0
IS	39	508	258	250	0
IS	40	782	381	401	0
IS	41	1044	491	553	0
IS	42	1392	712	680	0
IS	43	1778	879	899	0
IS	44	2025	965	1060	0
IS	45	1751	895	856	0
IS	46	1205	566	639	0
IS	47	790	384	406	0
IS	48	650	321	329	0
IS	49	792	403	389	0
IS	50	1228	632	596	0
IS	51	1439	728	711	0
IS	52	1837	942	895	0
IS	53	2055	1002	1053	0
IS	54	2200	1095	1105	0
IS	55	1957	956	1001	0
IS	56	1434	707	727	0
IS	57	1033	497	536	0
IS	58	815	383	432	0
IS	59	887	492	395	0
IS	60	1306	666	640	0
IS	61	1631	789	842	0
IS	62	2027	1032	995	0
IS	63	2302	1170	1132	0
IS	64	2350	1158	1192	0
IS	65	2147	1083	1064	0
IS	66	1809	938	871	0
IS	67	1308	628	680	0
IS	68	982	520	462	0
IS	69	1056	536	520	0
IS	70	1420	751	669	0
IS	71	1798	865	933	0
IS	72	2192	1131	1061	0
IS	73	2479	1254	1225	0
IS	74	2535	1279	1256	0
IS	75	2379	1220	1159	0
IS	76	2116	1050	1066	0
IS	77	1636	765	871	0
IS	78	1159	586	573	0
IS	79	1148	568	580	0
IS	80	1356	645	711	0
IS	81	1786	911	875	0
IS	82	2255	1113	1142	0
IS	83	2521	1284	1237	0
IS	84	2681	1353	1328	0
IS	85	2631	1340	1291	0
IS	86	2372	1167	1205	0
IS	87	1812	931	881	0
IS	88	1397	717	680	0
IS	89	1221	612	609	0
IS	90	1402	691	711	0
IS	91	1707	832	875	0
IS	92	2198	1074	1124	0
IS	93	2558	1245	1313	0
IS	94	2845	1384	1461	0
IS	95	2835	1418	1417	0
IS	96	2552	1280	1272	0
IS	97	2069	1034	1035	0
IS	98	1555	753	802	0
IS	99	1403	707	696	0
IS	100	1468	753	715	0
IS	101	1800	882	918	0
IS	102	2147	1081	1066	0
IS	103	2565	1255	1310	0
IS	104	2792	1400	1392	0
IS	105	2991	1500	1491	0
IS	106	2730	1368	1362	0
IS	107	2321	1146	1175	0
IS	108	1904	973	931	0
IS	109	1652	819	833	0
IS	110	1512	777	735	0
IS	111	1748	869	879	0
IS	112	2095	1030	1065	0
IS	113	2532	1235	1297	0
IS	114	2676	1383	1293	0
IS	115	2912	1517	1395	0
IS	116	2744	1337	1407	0
IS	117	2518	1273	1245	0
IS	118	2138	1054	1084	0
IS	119	1687	869	818	0
IS	120	1707	835	872	0
IS	121	1773	924	849	0
IS	122	2060	1041	1019	0
IS	123	2447	1190	1257	0
IS	124	2606	1309	1297	0
IS	125	2909	1416	1493	0
IS	126	2826	1382	1444	0
IS	127	2558	1337	1221	0
IS	128	2282	1112	1170	0
IS	129	1979	991	988	0
IS	130	1633	830	803	0
IS	131	1761	864	897	0
IS	132	1918	970	948	0
IS	133	2196	1097	1099	0
IS	134	2596	1325	1271	0
IS	135	2831	1423	1408	0
IS	136	2867	1429	1438	0
IS	137	2607	1360	1247	0
IS	138	2339	1207	1132	0
IS	139	2122	1078	1044	0
IS	140	1927	969	958	0
IS	141	1768	850	918	0
IS	142	1912	904	1008	0
IS	143	2182	1056	1126	0
IS	144	2547	1219	1328	0
IS	145	2738	1359	1379	0
IS	146	2836	1435	1401	0
IS	147	2678	1364	1314	0
IS	148	2515	1276	1239	0
IS	149	2179	1104	1075	0
IS	150	2006	981	1025	0
IS	151	1936	1413	523	0
IS	152	1978	1978	0	0
IS	153	2054	2053	0	1
IS	154	2459	2459	0	0
IS	155	2613	2613	0	0
IS	156	2817	2817	0	0
IS	157	2732	2732	0	0
IS	158	2495	2495	0	0
IS	159	2276	2275	1	0
IS	160	2120	2120	0	0
IS	161	1929	1929	0	0
IS	162	1982	1982	0	0
IS	163	2153	2153	0	0
IS	164	2330	2330	0	0
IS	165	2573	2573	0	0
IS	166	2777	2777	0	0
IS	167	2681	2680	0	1
IS	168	2637	2637	0	0
IS	169	2399	2399	0	0
IS	170	2148	2148	0	0
IS	171	2001	2001	0	0
IS	172	1939	1939	0	0
IS	173	2026	2026	0	0
IS	174	2187	2187	0	0
IS	175	2497	2496	0	1
IS	176	2702	2702	0	0
IS	177	2722	2721	1	0
IS	178	2657	2657	0	0
IS	179	2530	2530	0	0
IS	180	2225	2225	0	0
IS	181	2103	2103	0	0
IS	182	2041	2041	0	0
IS	183	2026	2026	0	0
IS	184	2174	2174	0	0
IS	185	2387	2387	0	0
IS	186	2610	2610	0	0
IS	187	2569	2569	0	0
IS	188	2615	2615	0	0
IS	189	2566	2566	0	0
IS	190	2353	2353	0	0
IS	191	2068	2068	0	0
IS	192	2072	2072	0	0
IS	193	2100	2100	0	0
IS	194	2113	2113	0	0
IS	195	2294	2294	0	0
IS	196	2510	2510	0	0
IS	197	2538	2538	0	0
IS	198	2637	2637	0	0
IS	199	2606	2606	0	0
IS	200	2469	2469	0	0
IS	201	2274	2274	0	0
IS	202	2079	2079	0	0
IS	203	2081	2081	0	0
IS	204	2110	2110	0	0
IS	205	2353	2353	0	0
IS	206	2457	2457	0	0
IS	207	2605	2604	0	1
IS	208	2615	2614	0	1
IS	209	2537	2537	0	0
IS	210	2457	2457	0	0
IS	211	2285	2285	0	0
IS	212	2205	2205	0	0
IS	213	2172	2172	0	0
IS	214	2145	2145	0	0
IS	215	2367	2366	1	0
IS	216	2455	2455	0	0
IS	217	2469	2469	0	0
IS	218	2502	2502	0	0
IS	219	2608	2608	0	0
IS	220	2552	2552	0	0
IS	221	2495	2495	0	0
IS	222	2335	2335	0	0
IS	223	2228	2228	0	0
IS	224	2231	2231	0	0
IS	225	2245	2245	0	0
IS	226	2397	2397	0	0
IS	227	2400	2400	0	0
IS	228	2534	2534	0	0
IS	229	2583	2583	0	0
IS	230	2447	2447	0	0
IS	231	2511	2511	0	0
IS	232	2316	2316	0	0
IS	233	2264	2264	0	0
IS	234	2196	2196	0	0
IS	235	2256	2256	0	0
IS	236	2367	2367	0	0
IS	237	2384	2384	0	0
IS	238	2504	2504	0	0
IS	239	2697	2697	0	0
IS	240	2538	2538	0	0
IS	241	2449	2449	0	0
IS	242	2359	2359	0	0
IS	243	2297	2297	0	0
IS	244	2231	2231	0	0
IS	245	2232	2231	0	1
IS	246	2349	2349	0	0
IS	247	2408	2408	0	0
IS	248	2492	2492	0	0
IS	249	2605	2605	0	0
IS	250	2544	2544	0	0
IS	251	2539	2539	0	0
IS	252	2398	2398	0	0
IS	253	2371	2371	0	0
IS	254	2244	2244	0	0
IS	255	2239	2239	0	0
IS	256	2264	2264	0	0
IS	257	2453	2453	0	0
IS	258	2372	2372	0	0
IS	259	2620	2620	0	0
IS	260	2611	2611	0	0
IS	261	2459	2459	0	0
IS	262	2320	2320	0	0
IS	263	2351	2351	0	0
IS	264	2365	2365	0	0
IS	265	2255	2255	0	0
IS	266	2287	2287	0	0
IS	267	2452	2452	0	0
IS	268	2461	2461	0	0
IS	269	2515	2515	0	0
IS	270	2530	2530	0	0
IS	271	2504	2504	0	0
IS	272	2514	2514	0	0
IS	273	2361	2361	0	0
IS	274	2337	2337	0	0
IS	275	2254	2254	0	0
IS	276	2350	2350	0	0
IS	277	2332	2332	0	0
IS	278	2453	2453	0	0
IS	279	2529	2529	0	0
IS	280	2630	2630	0	0
IS	281	2453	2453	0	0
IS	282	2512	2512	0	0
IS	283	2499	2499	0	0
IS	284	2417	2417	0	0
IS	285	2362	2362	0	0
IS	286	2379	2378	0	1
IS	287	2338	2338	0	0
IS	288	2446	2446	0	0
IS	289	2446	2446	0	0
IS	290	2587	2587	0	0
IS	291	2450	2450	0	0
IS	292	2398	2398	0	0
IS	293	2448	2448	0	0
IS	294	2445	2445	0	0
IS	295	2363	2363	0	0
IS	296	2223	2223	0	0
IS	297	2358	2358	0	0
IS	298	2477	2477	0	0
IS	299	2528	2528	0	0
IS	300	2425	2425	0	0
IS	301	2525	2525	0	0
IS	302	2410	2410	0	0
IS	303	2461	2461	0	0
IS	304	2364	2364	0	0
IS	305	2339	2339	0	0
IS	306	2267	2267	0	0
IS	307	2312	2312	0	0
IS	308	2400	2400	0	0
IS	309	2442	2442	0	0
IS	310	2406	2406	0	0
IS	311	2452	2452	0	0
IS	312	2342	2342	0	0
IS	313	2418	2418	0	0
IS	314	2386	2386	0	0
IS	315	2354	2354	0	0
IS	316	2347	2347	0	0
IS	317	2300	2300	0	0
IS	318	2318	2318	0	0
IS	319	2311	2311	0	0
IS	320	2397	2397	0	0
IS	321	2500	2500	0	0
IS	322	2376	2376	0	0
IS	323	2482	2482	0	0
IS	324	2377	2377	0	0
IS	325	2192	2192	0	0
IS	326	2287	2287	0	0
IS	327	2359	2359	0	0
IS	328	2260	2260	0	0
IS	329	2381	2380	0	1
IS	330	2391	2391	0	0
IS	331	2515	2515	0	0
IS	332	2350	2350	0	0
IS	333	2281	2281	0	0
IS	334	2295	2295	0	0
IS	335	2216	2216	0	0
IS	336	2285	2285	0	0
IS	337	2180	2180	0	0
IS	338	2309	2309	0	0
IS	339	2314	2314	0	0
IS	340	2265	2265	0	0
IS	341	2345	2344	0	1
IS	342	2281	2281	0	0
IS	343	2244	2244	0	0
IS	344	2263	2263	0	0
IS	345	2312	2312	0	0
IS	346	2199	2199	0	0
IS	347	2144	2144	0	0
IS	348	2137	2137	0	0
IS	349	2051	2051	0	0
IS	350	2158	2158	0	0
IS	351	2215	2215	0	0
IS	352	2152	2152	0	0
IS	353	2239	2239	0	0
IS	354	2124	2124	0	0
IS	355	2078	2078	0	0
IS	356	2097	2097	0	0
IS	357	2030	2030	0	0
IS	358	2034	2034	0	0
IS	359	2132	2132	0	0
IS	360	2095	2095	0	0
IS	361	2136	2136	0	0
IS	362	2085	2085	0	0
IS	363	2092	2092	0	0
IS	364	2098	2098	0	0
IS	365	2052	2052	0	0
IS	366	2030	2030	0	0
IS	367	1961	1961	0	0
IS	368	1964	1964	0	0
IS	369	1908	1908	0	0
IS	370	1951	1951	0	0
IS	371	1944	1944	0	0
IS	372	1999	1999	0	0
IS	373	2067	2067	0	0
IS	374	1930	1930	0	0
IS	375	1929	1929	0	0
IS	376	1817	1816	1	0
IS	377	1866	1866	0	0
IS	378	1758	1758	0	0
IS	379	1831	1831	0	0
IS	380	1807	1807	0	0
IS	381	1892	1892	0	0
IS	382	1846	1846	0	0
IS	383	1795	1795	0	0
IS	384	1821	1821	0	0
IS	385	1759	1759	0	0
IS	386	1736	1736	0	0
IS	387	1724	1724	0	0
IS	388	1727	1727	0	0
IS	389	1702	1702	0	0
IS	390	1670	1670	0	0
IS	391	1681	1681	0	0
IS	392	1748	1748	0	0
IS	393	1777	1777	0	0
IS	394	1756	1756	0	0
IS	395	1693	1693	0	0
IS	396	1714	1714	0	0
IS	397	1575	1575	0	0
IS	398	1590	1590	0	0
IS	399	1685	1685	0	0
IS	400	1538	1538	0	0
IS	401	1646	1646	0	0
IS	402	1584	1584	0	0
IS	403	1625	1624	1	0
IS	404	1551	1551	0	0
IS	405	1614	1614	0	0
IS	406	1443	1442	1	0
IS	407	1548	1548	0	0
IS	408	1495	1495	0	0
IS	409	1468	1468	0	0
IS	410	1471	1471	0	0
IS	411	1494	1494	0	0
IS	412	1399	1398	1	0
IS	413	1441	1440	0	1
IS	414	1460	1460	0	0
IS	415	1496	1496	0	0
IS	416	1453	1453	0	0
IS	417	1443	1443	0	0
IS	418	1371	1371	0	0
IS	419	1342	1342	0	0
IS	420	1361	1361	0	0
IS	421	1393	1393	0	0
IS	422	1410	1410	0	0
IS	423	1436	1436	0	0
IS	424	1330	1330	0	0
IS	425	1296	1296	0	0
IS	426	1309	1309	0	0
IS	427	1290	1290	0	0
IS	428	1309	1309	0	0
IS	429	1291	1291	0	0
IS	430	1337	1337	0	0
IS	431	1287	1286	0	1
IS	432	1263	1263	0	0
IS	433	1256	1256	0	0
IS	434	1294	1294	0	0
IS	435	1243	1243	0	0
IS	436	1191	1191	0	0
IS	437	1269	1269	0	0
IS	438	1218	1218	0	0
IS	439	1128	1128	0	0
IS	440	1158	1158	0	0
IS	441	1211	1211	0	0
IS	442	1075	1075	0	0
IS	443	1160	1160	0	0
IS	444	1113	1113	0	0
IS	445	1121	1121	0	0
IS	446	1146	1146	0	0
IS	447	1107	1107	0	0
IS	448	1103	1103	0	0
IS	449	1121	1121	0	0
IS	450	1027	1027	0	0
IS	451	1038	1038	0	0
IS	452	1027	1027	0	0
IS	453	1028	1028	0	0
IS	454	1075	1075	0	0
IS	455	1019	1019	0	0
IS	456	1032	1032	0	0
IS	457	979	979	0	0
IS	458	1050	1050	0	0
IS	459	1073	1073	0	0
IS	460	979	979	0	0
IS	461	924	924	0	0
IS	462	969	969	0	0
IS	463	936	936	0	0
IS	464	1035	1035	0	0
IS	465	915	915	0	0
IS	466	936	936	0	0
IS	467	950	950	0	0
IS	468	935	935	0	0
IS	469	924	924	0	0
IS	470	885	885	0	0
IS	471	862	862	0	0
IS	472	844	844	0	0
IS	473	865	865	0	0
IS	474	910	910	0	0
IS	475	882	882	0	0
IS	476	975	975	0	0
IS	477	879	879	0	0
IS	478	876	876	0	0
IS	479	855	855	0	0
IS	480	805	805	0	0
IS	481	815	815	0	0
IS	482	796	796	0	0
IS	483	799	799	0	0
IS	484	835	835	0	0
IS	485	801	801	0	0
IS	486	790	790	0	0
IS	487	740	740	0	0
IS	488	770	770	0	0
IS	489	760	760	0	0
IS	490	759	759	0	0
IS	491	746	746	0	0
IS	492	726	726	0	0
IS	493	691	691	0	0
IS	494	742	741	1	0
IS	495	704	704	0	0
IS	496	763	763	0	0
IS	497	728	727	0	1
IS	498	721	721	0	0
IS	499	699	699	0	0
IS	500	704	704	0	0
IS	501	640	640	0	0
IS	502	613	613	0	0
IS	503	666	666	0	0
IS	504	702	702	0	0
IS	505	675	675	0	0
IS	506	712	712	0	0
IS	507	633	633	0	0
IS	508	625	625	0	0
IS	509	679	679	0	0
IS	510	637	637	0	0
IS	511	632	632	0	0
IS	512	620	620	0	0
IS	513	581	580	1	0
IS	514	632	632	0	0
IS	515	589	589	0	0
IS	516	570	570	0	0
IS	517	612	612	0	0
IS	518	624	624	0	0
IS	519	582	582	0	0
IS	520	635	635	0	0
IS	521	560	560	0	0
IS	522	537	537	0	0
IS	523	540	540	0	0
IS	524	584	584	0	0
IS	525	594	594	0	0
IS	526	582	582	0	0
IS	527	534	534	0	0
IS	528	554	554	0	0
IS	529	582	582	0	0
IS	530	547	547	0	0
IS	531	500	500	0	0
IS	532	540	540	0	0
IS	533	528	527	1	0
IS	534	456	456	0	0
IS	535	537	537	0	0
IS	536	490	490	0	0
IS	537	515	515	0	0
IS	538	480	478	2	0
IS	539	460	460	0	0
IS	540	476	476	0	0
IS	541	479	479	0	0
IS	542	474	473	1	0
IS	543	502	502	0	0
IS	544	466	466	0	0
IS	545	468	468	0	0
IS	546	451	451	0	0
IS	547	515	515	0	0
IS	548	467	467	0	0
IS	549	445	445	0	0
IS	550	440	439	1	0
IS	551	400	400	0	0
IS	552	401	401	0	0
IS	553	459	459	0	0
IS	554	460	459	1	0
IS	555	434	434	0	0
IS	556	411	411	0	0
IS	557	422	421	1	0
IS	558	404	404	0	0
IS	559	405	404	1	0
IS	560	412	412	0	0
IS	561	413	411	2	0
IS	562	455	455	0	0
IS	563	431	431	0	0
IS	564	395	395	0	0
IS	565	380	380	0	0
IS	566	384	384	0	0
IS	567	370	370	0	0
IS	568	423	423	0	0
IS	569	366	366	0	0
IS	570	366	365	1	0
IS	571	426	425	1	0
IS	572	335	335	0	0
IS	573	389	388	1	0
IS	574	362	362	0	0
IS	575	348	347	1	0
IS	576	348	347	1	0
IS	577	343	343	0	0
IS	578	388	387	1	0
IS	579	339	339	0	0
IS	580	375	375	0	0
IS	581	329	328	1	0
IS	582	326	326	0	0
IS	583	339	339	0	0
IS	584	319	319	0	0
IS	585	362	362	0	0
IS	586	292	292	0	0
IS	587	311	311	0	0
IS	588	332	332	0	0
IS	589	306	306	0	0
IS	590	306	306	0	0
IS	591	305	304	1	0
IS	592	320	320	0	0
IS	593	299	299	0	0
IS	594	286	286	0	0
IS	595	302	302	0	0
IS	596	281	281	0	0
IS	597	312	312	0	0
IS	598	298	298	0	0
IS	599	314	314	0	0
IS	600	277	277	0	0
IS	601	298	298	0	0
IS	602	294	294	0	0
IS	603	282	282	0	0
IS	604	262	261	1	0
IS	605	247	247	0	0
IS	606	286	286	0	0
IS	607	292	292	0	0
IS	608	294	294	0	0
IS	609	255	254	1	0
IS	610	264	264	0	0
IS	611	265	263	2	0
IS	612	228	228	0	0
IS	613	240	240	0	0
IS	614	239	239	0	0
IS	615	237	236	1	0
IS	616	247	247	0	0
IS	617	237	237	0	0
IS	618	230	230	0	0
IS	619	243	243	0	0
IS	620	231	231	0	0
IS	621	217	217	0	0
IS	622	220	220	0	0
IS	623	235	235	0	0
IS	624	226	226	0	0
IS	625	220	220	0	0
IS	626	211	210	1	0
IS	627	210	210	0	0
IS	628	212	212	0	0
IS	629	212	212	0	0
IS	630	186	186	0	0
IS	631	221	221	0	0
IS	632	225	225	0	0
IS	633	218	218	0	0
IS	634	209	209	0	0
IS	635	203	203	0	0
IS	636	185	184	0	1
IS	637	177	177	0	0
IS	638	201	201	0	0
IS	639	201	201	0	0
IS	640	186	186	0	0
IS	641	205	205	0	0
IS	642	199	199	0	0
IS	643	213	213	0	0
IS	644	192	192	0	0
IS	645	184	184	0	0
IS	646	172	172	0	0
IS	647	205	205	0	0
IS	648	166	166	0	0
IS	649	163	163	0	0
IS	650	169	169	0	0
IS	651	181	181	0	0
IS	652	195	195	0	0
IS	653	180	179	1	0
IS	654	152	152	0	0
IS	655	176	176	0	0
IS	656	190	190	0	0
IS	657	173	173	0	0
IS	658	169	167	2	0
IS	659	174	174	0	0
IS	660	173	173	0	0
IS	661	150	150	0	0
IS	662	162	162	0	0
IS	663	141	141	0	0
IS	664	121	121	0	0
IS	665	157	156	1	0
IS	666	148	148	0	0
IS	667	142	142	0	0
IS	668	174	174	0	0
IS	669	150	150	0	0
IS	670	155	155	0	0
IS	671	138	138	0	0
IS	672	153	153	0	0
IS	673	150	150	0	0
IS	674	172	172	0	0
IS	675	134	134	0	0
IS	676	135	134	1	0
IS	677	114	114	0	0
IS	678	127	127	0	0
IS	679	135	135	0	0
IS	680	128	128	0	0
IS	681	151	151	0	0
IS	682	128	127	1	0
IS	683	141	141	0	0
IS	684	134	134	0	0
IS	685	128	128	0	0
IS	686	113	113	0	0
IS	687	126	126	0	0
IS	688	123	123	0	0
IS	689	125	125	0	0
IS	690	120	120	0	0
IS	691	126	126	0	0
IS	692	133	133	0	0
# Read lengths. Use `grep ^RL | cut -f 2-` to extract this part. The columns are: read length, count
RL	30	634
RL	31	806
RL	32	1314
RL	33	1930
RL	34	2172
RL	35	2236
RL	36	1603
RL	37	1001
RL	38	887
RL	39	1322
RL	40	1925
RL	41	2435
RL	42	3120
RL	43	3800
RL	44	4346
RL	45	3747
RL	46	2551
RL	47	1651
RL	48	1392
RL	49	1705
RL	50	2619
RL	51	3051
RL	52	3893
RL	53	4323
RL	54	4675
RL	55	4125
RL	56	3031
RL	57	2158
RL	58	1656
RL	59	1836
RL	60	2696
RL	61	3382
RL	62	4244
RL	63	4780
RL	64	4868
RL	65	4419
RL	66	3725
RL	67	2667
RL	68	2017
RL	69	2179
RL	70	2923
RL	71	3654
RL	72	4446
RL	73	5065
RL	74	5137
RL	75	4881
RL	76	4323
RL	77	3333
RL	78	2362
RL	79	2352
RL	80	2743
RL	81	3667
RL	82	4610
RL	83	5185
RL	84	5509
RL	85	5351
RL	86	4887
RL	87	3703
RL	88	2854
RL	89	2459
RL	90	2877
RL	91	3516
RL	92	4507
RL	93	5242
RL	94	5829
RL	95	5742
RL	96	5193
RL	97	4223
RL	98	3181
RL	99	2842
RL	100	2956
RL	101	3628
RL	102	4350
RL	103	5213
RL	104	5716
RL	105	6040
RL	106	5564
RL	107	4694
RL	108	3860
RL	109	3353
RL	110	3048
RL	111	3540
RL	112	4212
RL	113	5136
RL	114	5399
RL	115	5837
RL	116	5551
RL	117	5087
RL	118	4306
RL	119	3389
RL	120	3421
RL	121	3553
RL	122	4125
RL	123	4936
RL	124	5258
RL	125	5856
RL	126	5678
RL	127	5152
RL	128	4574
RL	129	3956
RL	130	3265
RL	131	3524
RL	132	3837
RL	133	4404
RL	134	5215
RL	135	5705
RL	136	5898
RL	137	5195
RL	138	4687
RL	139	4398
RL	140	4270
RL	141	3578
RL	142	3802
RL	143	4363
RL	144	5167
RL	145	5671
RL	146	6420
RL	147	10046
RL	148	22078
RL	149	83627
RL	150	295974
RL	151	1133555
# Read lengths - first fragments. Use `grep ^FRL | cut -f 2-` to extract this part. The columns are: read length, count
FRL	30	317
FRL	31	403
FRL	32	658
FRL	33	964
FRL	34	1083
FRL	35	1114
FRL	36	798
FRL	37	500
FRL	38	442
FRL	39	659
FRL	40	963
FRL	41	1214
FRL	42	1561
FRL	43	1897
FRL	44	2166
FRL	45	1876
FRL	46	1275
FRL	47	822
FRL	48	699
FRL	49	854
FRL	50	1307
FRL	51	1525
FRL	52	1946
FRL	53	2162
FRL	54	2336
FRL	55	2060
FRL	56	1514
FRL	57	1080
FRL	58	826
FRL	59	915
FRL	60	1347
FRL	61	1690
FRL	62	2122
FRL	63	2387
FRL	64	2438
FRL	65	2213
FRL	66	1863
FRL	67	1336
FRL	68	1005
FRL	69	1086
FRL	70	1457
FRL	71	1824
FRL	72	2219
FRL	73	2534
FRL	74	2564
FRL	75	2441
FRL	76	2159
FRL	77	1665
FRL	78	1182
FRL	79	1176
FRL	80	1370
FRL	81	1833
FRL	82	2304
FRL	83	2592
FRL	84	2752
FRL	85	2678
FRL	86	2445
FRL	87	1854
FRL	88	1426
FRL	89	1231
FRL	90	1443
FRL	91	1762
FRL	92	2258
FRL	93	2620
FRL	94	2913
FRL	95	2872
FRL	96	2595
FRL	97	2114
FRL	98	1592
FRL	99	1422
FRL	100	1477
FRL	101	1811
FRL	102	2168
FRL	103	2609
FRL	104	2859
FRL	105	3021
FRL	106	2788
FRL	107	2355
FRL	108	1932
FRL	109	1678
FRL	110	1526
FRL	111	1771
FRL	112	2104
FRL	113	2573
FRL	114	2700
FRL	115	2918
FRL	116	2779
FRL	117	2546
FRL	118	2155
FRL	119	1698
FRL	120	1711
FRL	121	1781
FRL	122	2065
FRL	123	2478
FRL	124	2627
FRL	125	2931
FRL	126	2848
FRL	127	2576
FRL	128	2291
FRL	129	1981
FRL	130	1636
FRL	131	1762
FRL	132	1917
FRL	133	2207
FRL	134	2609
FRL	135	2856
FRL	136	3034
FRL	137	2567
FRL	138	2309
FRL	139	2185
FRL	140	2120
FRL	141	1792
FRL	142	1899
FRL	143	2191
FRL	144	2590
FRL	145	2832
FRL	146	3207
FRL	147	5108
FRL	148	11158
FRL	149	42040
FRL	150	147424
FRL	151	566872
# Read lengths - last fragments. Use `grep ^LRL | cut -f 2-` to extract this part. The columns are: read length, count
LRL	30	317
LRL	31	403
LRL	32	656
LRL	33	966
LRL	34	1089
LRL	35	1122
LRL	36	805
LRL	37	501
LRL	38	445
LRL	39	663
LRL	40	962
LRL	41	1221
LRL	42	1559
LRL	43	1903
LRL	44	2180
LRL	45	1871
LRL	46	1276
LRL	47	829
LRL	48	693
LRL	49	851
LRL	50	1312
LRL	51	1526
LRL	52	1947
LRL	53	2161
LRL	54	2339
LRL	55	2065
LRL	56	1517
LRL	57	1078
LRL	58	830
LRL	59	921
LRL	60	1349
LRL	61	1692
LRL	62	2122
LRL	63	2393
LRL	64	2430
LRL	65	2206
LRL	66	1862
LRL	67	1331
LRL	68	1012
LRL	69	1093
LRL	70	1466
LRL	71	1830
LRL	72	2227
LRL	73	2531
LRL	74	2573
LRL	75	2440
LRL	76	2164
LRL	77	1668
LRL	78	1180
LRL	79	1176
LRL	80	1373
LRL	81	1834
LRL	82	2306
LRL	83	2593
LRL	84	2757
LRL	85	2673
LRL	86	2442
LRL	87	1849
LRL	88	1428
LRL	89	1228
LRL	90	1434
LRL	91	1754
LRL	92	2249
LRL	93	2622
LRL	94	2916
LRL	95	2870
LRL	96	2598
LRL	97	2109
LRL	98	1589
LRL	99	1420
LRL	100	1479
LRL	101	1817
LRL	102	2182
LRL	103	2604
LRL	104	2857
LRL	105	3019
LRL	106	2776
LRL	107	2339
LRL	108	1928
LRL	109	1675
LRL	110	1522
LRL	111	1769
LRL	112	2108
LRL	113	2563
LRL	114	2699
LRL	115	2919
LRL	116	2772
LRL	117	2541
LRL	118	2151
LRL	119	1691
LRL	120	1710
LRL	121	1772
LRL	122	2060
LRL	123	2458
LRL	124	2631
LRL	125	2925
LRL	126	2830
LRL	127	2576
LRL	128	2283
LRL	129	1975
LRL	130	1629
LRL	131	1762
LRL	132	1920
LRL	133	2197
LRL	134	2606
LRL	135	2849
LRL	136	2864
LRL	137	2628
LRL	138	2378
LRL	139	2213
LRL	140	2150
LRL	141	1786
LRL	142	1903
LRL	143	2172
LRL	144	2577
LRL	145	2839
LRL	146	3213
LRL	147	4938
LRL	148	10920
LRL	149	41587
LRL	150	148550
LRL	151	566683
# Indel distribution. Use `grep ^ID | cut -f 2-` to extract this part. The columns are: length, number of insertions, number of deletions
ID	1	4889	958
ID	2	822	48
ID	3	47	13
ID	4	95	17
ID	5	3	65
ID	6	15	19
ID	7	1	2
ID	8	0	1
ID	9	2	5
ID	10	0	2
ID	11	0	61
ID	12	1	4
ID	13	1	1
ID	15	92	0
ID	16	1	2
ID	21	1	1
ID	24	0	2
ID	26	2	2
ID	29	1	1
ID	30	0	1
ID	36	0	1
ID	45	0	3
ID	65	0	1
ID	77	0	2
ID	99	0	1
# Indels per cycle. Use `grep ^IC | cut -f 2-` to extract this part. The columns are: cycle, number of insertions (fwd), .. (rev) , number of deletions (fwd), .. (rev)
IC	3	0	0	4	7
IC	4	1	3	0	3
IC	5	2	2	3	4
IC	6	2	0	2	3
IC	7	11	0	1	1
IC	8	70	0	1	1
IC	9	4	0	0	2
IC	10	3	1	2	2
IC	11	18	0	2	0
IC	12	147	1	0	3
IC	13	40	1	1	3
IC	14	6	0	3	1
IC	15	0	1	3	4
IC	16	2	4	2	4
IC	17	0	1	2	4
IC	18	5	1	2	2
IC	19	0	0	4	2
IC	20	0	2	1	0
IC	21	3	4	5	3
IC	22	1	3	7	5
IC	23	3	1	2	2
IC	24	1	3	6	1
IC	25	5	5	4	3
IC	26	2	3	5	4
IC	27	6	3	7	2
IC	28	7	2	2	6
IC	29	34	4	8	2
IC	30	130	3	7	2
IC	31	188	0	7	4
IC	32	615	7	5	4
IC	33	197	5	9	4
IC	34	133	2	9	3
IC	35	29	2	7	6
IC	36	9	5	2	8
IC	37	7	2	3	6
IC	38	3	2	9	7
IC	39	6	4	2	3
IC	40	7	9	5	6
IC	41	1	2	8	2
IC	42	2	3	9	5
IC	43	5	5	2	7
IC	44	3	4	4	4
IC	45	5	3	2	6
IC	46	2	1	8	7
IC	47	18	1	6	7
IC	48	74	3	7	4
IC	49	454	3	3	4
IC	50	177	4	5	3
IC	51	35	3	5	2
IC	52	19	3	2	2
IC	53	6	5	6	5
IC	54	4	1	9	7
IC	55	1	2	1	4
IC	56	2	5	2	3
IC	57	1	5	2	3
IC	58	9	5	3	4
IC	59	2	3	4	6
IC	60	3	5	3	4
IC	61	0	2	1	3
IC	62	6	5	4	4
IC	63	1	3	4	9
IC	64	3	2	3	3
IC	65	1	6	9	8
IC	66	5	7	9	8
IC	67	4	5	2	6
IC	68	4	2	3	1
IC	69	11	3	3	3
IC	70	9	3	4	8
IC	71	17	1	4	7
IC	72	86	1	4	4
IC	73	133	5	5	5
IC	74	16	2	4	5
IC	75	7	1	5	4
IC	76	7	4	4	5
IC	77	1	5	4	4
IC	78	1	5	8	5
IC	79	2	5	3	9
IC	80	2	6	3	8
IC	81	8	5	5	0
IC	82	7	1	8	8
IC	83	5	4	3	4
IC	84	6	1	2	2
IC	85	33	3	5	3
IC	86	167	1	7	7
IC	87	911	5	2	5
IC	88	407	3	5	4
IC	89	421	5	8	2
IC	90	125	2	9	3
IC	91	27	2	2	1
IC	92	11	7	4	8
IC	93	4	3	6	6
IC	94	7	3	1	3
IC	95	5	4	4	5
IC	96	3	1	2	1
IC	97	1	5	8	3
IC	98	1	5	3	5
IC	99	1	4	4	4
IC	100	2	1	4	5
IC	101	3	6	3	3
IC	102	0	1	3	1
IC	103	3	5	6	5
IC	104	4	3	3	0
IC	105	3	3	3	8
IC	106	2	1	5	5
IC	107	4	3	5	7
IC	108	0	4	2	6
IC	109	6	2	1	2
IC	110	5	1	0	6
IC	111	2	7	4	2
IC	112	2	3	2	4
IC	113	3	2	7	4
IC	114	3	2	5	2
IC	115	0	2	3	2
IC	116	2	3	3	4
IC	117	10	4	8	10
IC	118	4	7	4	4
IC	119	3	6	6	8
IC	120	5	8	5	5
IC	121	1	6	6	7
IC	122	4	1	7	4
IC	123	5	5	5	6
IC	124	11	8	8	6
IC	125	1	8	1	6
IC	126	0	0	1	6
IC	127	3	1	2	5
IC	128	17	9	2	7
IC	129	2	1	1	6
IC	130	1	4	4	8
IC	131	3	0	1	5
IC	132	6	3	3	6
IC	133	1	0	7	5
IC	134	1	0	4	7
IC	135	2	2	8	5
IC	136	5	3	3	4
IC	137	3	1	1	2
IC	138	3	4	4	2
IC	139	0	2	4	3
IC	140	1	2	1	4
IC	141	0	14	2	2
IC	142	0	32	1	3
IC	143	0	92	4	2
IC	144	0	196	2	1
IC	145	2	34	1	4
IC	146	2	11	3	9
IC	147	4	18	4	8
IC	148	3	20	1	6
# Coverage distribution. Use `grep ^COV | cut -f 2-` to extract this part.
COV	[1-1]	1	538
COV	[2-2]	2	308
# GC-depth. Use `grep ^GCD | cut -f 2-` to extract this part. The columns are: GC%, unique sequence percentiles, 10th, 25th, 50th, 75th and 90th depth percentile
GCD	0.0	33.333	0.000	0.000	0.000	0.000	0.000
GCD	0.4	50.000	0.007	0.007	0.007	0.007	0.007
GCD	36.0	66.667	0.014	0.014	0.014	0.014	0.014
GCD	40.0	83.333	0.014	0.014	0.014	0.014	0.014
GCD	42.0	100.000	0.014	0.014	0.014	0.014	0.014
